24  1 -75.0
24  8 -75.0
24  7 -75.0
1  2 -75.0
1  9 -75.0
1  8 -75.0
1  7 -75.0
1  24 -75.0
2  3 -75.0
2  10 -75.0
2  9 -75.0
2  8 -75.0
2  1 -75.0
3  4 -75.0
3  11 -75.0
3  10 -75.0
3  9 -75.0
3  2 -75.0
4  5 -75.0
4  12 -75.0
4  11 -75.0
4  10 -75.0
4  3 -75.0
5  6 -75.0
5  13 -75.0
5  12 -75.0
5  11 -75.0
5  4 -75.0
6  13 -75.0
6  12 -75.0
6  5 -75.0
7  8 -75.0
7  15 -75.0
7  14 -75.0
7  24 -75.0
7  1 -75.0
8  9 -75.0
8  16 -75.0
8  15 -75.0
8  14 -75.0
8  7 -75.0
8  24 -75.0
8  1 -75.0
8  2 -75.0
9  10 -75.0
9  17 -75.0
9  16 -75.0
9  15 -75.0
9  8 -75.0
9  1 -75.0
9  2 -75.0
9  3 -75.0
10  11 -75.0
10  18 -75.0
10  17 -75.0
10  16 -75.0
10  9 -75.0
10  2 -75.0
10  3 -75.0
10  4 -75.0
11  12 -75.0
11  19 -75.0
11  18 -75.0
11  17 -75.0
11  10 -75.0
11  3 -75.0
11  4 -75.0
11  5 -75.0
12  13 -75.0
12  20 -75.0
12  19 -75.0
12  18 -75.0
12  11 -75.0
12  4 -75.0
12  5 -75.0
12  6 -75.0
13  20 -75.0
13  19 -75.0
13  12 -75.0
13  5 -75.0
13  6 -75.0
14  15 -75.0
14  22 -75.0
14  21 -75.0
14  7 -75.0
14  8 -75.0
15  16 -75.0
15  23 -75.0
15  22 -75.0
15  21 -75.0
15  14 -75.0
15  7 -75.0
15  8 -75.0
15  9 -75.0
16  17 -75.0
16  0 -75.0
16  23 -75.0
16  22 -75.0
16  15 -75.0
16  8 -75.0
16  9 -75.0
16  10 -75.0
17  18 -75.0
17  25 -75.0
17  24 -75.0
17  23 -75.0
17  16 -75.0
17  9 -75.0
17  10 -75.0
17  11 -75.0
18  19 -75.0
18  26 -75.0
18  25 -75.0
18  0 -75.0
18  17 -75.0
18  10 -75.0
18  11 -75.0
18  12 -75.0
19  20 -75.0
19  27 -75.0
19  26 -75.0
19  25 -75.0
19  18 -75.0
19  11 -75.0
19  12 -75.0
19  13 -75.0
20  27 -75.0
20  26 -75.0
20  19 -75.0
20  12 -75.0
20  13 -75.0
21  22 -75.0
21  29 -75.0
21  28 -75.0
21  14 -75.0
21  15 -75.0
22  23 -75.0
22  30 -75.0
22  29 -75.0
22  28 -75.0
22  21 -75.0
22  14 -75.0
22  15 -75.0
22  16 -75.0
23  0 -75.0
23  31 -75.0
23  30 -75.0
23  29 -75.0
23  22 -75.0
23  15 -75.0
23  16 -75.0
23  17 -75.0
0  25 -75.0
0  32 -75.0
0  31 -75.0
0  30 -75.0
0  23 -75.0
0  16 -75.0
0  17 -75.0
0  18 -75.0
25  26 -75.0
25  33 -75.0
25  32 -75.0
25  31 -75.0
25  0 -75.0
25  17 -75.0
25  18 -75.0
25  19 -75.0
26  27 -75.0
26  34 -75.0
26  33 -75.0
26  32 -75.0
26  25 -75.0
26  18 -75.0
26  19 -75.0
26  20 -75.0
27  34 -75.0
27  33 -75.0
27  26 -75.0
27  19 -75.0
27  20 -75.0
28  29 -75.0
28  36 -75.0
28  35 -75.0
28  21 -75.0
28  22 -75.0
29  30 -75.0
29  37 -75.0
29  36 -75.0
29  35 -75.0
29  28 -75.0
29  21 -75.0
29  22 -75.0
29  23 -75.0
30  31 -75.0
30  38 -75.0
30  37 -75.0
30  36 -75.0
30  29 -75.0
30  22 -75.0
30  23 -75.0
30  0 -75.0
31  32 -75.0
31  39 -75.0
31  38 -75.0
31  37 -75.0
31  30 -75.0
31  23 -75.0
31  0 -75.0
31  25 -75.0
32  33 -75.0
32  0 -75.0
32  39 -75.0
32  38 -75.0
32  31 -75.0
32  24 -75.0
32  25 -75.0
32  26 -75.0
33  34 -75.0
33  41 -75.0
33  40 -75.0
33  39 -75.0
33  32 -75.0
33  25 -75.0
33  26 -75.0
33  27 -75.0
34  41 -75.0
34  40 -75.0
34  33 -75.0
34  26 -75.0
34  27 -75.0
35  36 -75.0
35  43 -75.0
35  42 -75.0
35  28 -75.0
35  29 -75.0
36  37 -75.0
36  44 -75.0
36  43 -75.0
36  42 -75.0
36  35 -75.0
36  28 -75.0
36  29 -75.0
36  30 -75.0
37  38 -75.0
37  45 -75.0
37  44 -75.0
37  43 -75.0
37  36 -75.0
37  29 -75.0
37  30 -75.0
37  31 -75.0
38  39 -75.0
38  46 -75.0
38  45 -75.0
38  44 -75.0
38  37 -75.0
38  30 -75.0
38  31 -75.0
38  32 -75.0
39  40 -75.0
39  47 -75.0
39  46 -75.0
39  45 -75.0
39  38 -75.0
39  31 -75.0
39  32 -75.0
39  33 -75.0
40  41 -75.0
40  48 -75.0
40  47 -75.0
40  46 -75.0
40  39 -75.0
40  32 -75.0
40  33 -75.0
40  34 -75.0
41  48 -75.0
41  47 -75.0
41  40 -75.0
41  33 -75.0
41  34 -75.0
42  43 -75.0
42  35 -75.0
42  36 -75.0
43  44 -75.0
43  35 -75.0
43  36 -75.0
43  37 -75.0
44  45 -75.0
44  43 -75.0
44  36 -75.0
44  37 -75.0
44  38 -75.0
45  46 -75.0
45  44 -75.0
45  37 -75.0
45  38 -75.0
45  39 -75.0
46  47 -75.0
46  45 -75.0
46  38 -75.0
46  39 -75.0
46  40 -75.0
47  48 -75.0
47  46 -75.0
47  39 -75.0
47  40 -75.0
47  41 -75.0
48  47 -75.0
48  40 -75.0
48  41 -75.0
