24  1 -50
24  8 -50
24  7 -50
1  2 -50
1  9 -50
1  8 -50
1  7 -50
1  24 -50
2  3 -50
2  10 -50
2  9 -50
2  8 -50
2  1 -50
3  4 -50
3  11 -50
3  10 -50
3  9 -50
3  2 -50
4  5 -50
4  12 -50
4  11 -50
4  10 -50
4  3 -50
5  6 -50
5  13 -50
5  12 -50
5  11 -50
5  4 -50
6  13 -50
6  12 -50
6  5 -50
7  8 -50
7  15 -50
7  14 -50
7  24 -50
7  1 -50
8  9 -50
8  16 -50
8  15 -50
8  14 -50
8  7 -50
8  24 -50
8  1 -50
8  2 -50
9  10 -50
9  17 -50
9  16 -50
9  15 -50
9  8 -50
9  1 -50
9  2 -50
9  3 -50
10  11 -50
10  18 -50
10  17 -50
10  16 -50
10  9 -50
10  2 -50
10  3 -50
10  4 -50
11  12 -50
11  19 -50
11  18 -50
11  17 -50
11  10 -50
11  3 -50
11  4 -50
11  5 -50
12  13 -50
12  20 -50
12  19 -50
12  18 -50
12  11 -50
12  4 -50
12  5 -50
12  6 -50
13  20 -50
13  19 -50
13  12 -50
13  5 -50
13  6 -50
14  15 -50
14  22 -50
14  21 -50
14  7 -50
14  8 -50
15  16 -50
15  23 -50
15  22 -50
15  21 -50
15  14 -50
15  7 -50
15  8 -50
15  9 -50
16  17 -50
16  0 -50
16  23 -50
16  22 -50
16  15 -50
16  8 -50
16  9 -50
16  10 -50
17  18 -50
17  25 -50
17  0 -50
17  23 -50
17  16 -50
17  9 -50
17  10 -50
17  11 -50
18  19 -50
18  26 -50
18  25 -50
18  0 -50
18  17 -50
18  10 -50
18  11 -50
18  12 -50
19  20 -50
19  27 -50
19  26 -50
19  25 -50
19  18 -50
19  11 -50
19  12 -50
19  13 -50
20  27 -50
20  26 -50
20  19 -50
20  12 -50
20  13 -50
21  22 -50
21  29 -50
21  28 -50
21  14 -50
21  15 -50
22  23 -50
22  30 -50
22  29 -50
22  28 -50
22  21 -50
22  14 -50
22  15 -50
22  16 -50
23  0 -50
23  31 -50
23  30 -50
23  29 -50
23  22 -50
23  15 -50
23  16 -50
23  17 -50
0  25 -50
0  32 -50
0  31 -50
0  30 -50
0  23 -50
0  16 -50
0  17 -50
0  18 -50
25  26 -50
25  33 -50
25  32 -50
25  31 -50
25  0 -50
25  17 -50
25  18 -50
25  19 -50
26  27 -50
26  34 -50
26  33 -50
26  32 -50
26  25 -50
26  18 -50
26  19 -50
26  20 -50
27  34 -50
27  33 -50
27  26 -50
27  19 -50
27  20 -50
28  29 -50
28  36 -50
28  35 -50
28  21 -50
28  22 -50
29  30 -50
29  37 -50
29  36 -50
29  35 -50
29  28 -50
29  21 -50
29  22 -50
29  23 -50
30  31 -50
30  38 -50
30  37 -50
30  36 -50
30  29 -50
30  22 -50
30  23 -50
30  0 -50
31  32 -50
31  39 -50 
31  38 -50 
31  37 -50
31  30 -50
31  23 -50
31  0 -50
31  25 -50
32  33 -50
32  40 -50
32  39 -50
32  38 -50
32  31 -50
32  0 -50
32  25 -50
32  26 -50
33  34 -50
33  41 -50
33  40 -50
33  39 -50
33  32 -50
33  25 -50
33  26 -50
33  27 -50
34  41 -50
34  40 -50
34  33 -50
34  26 -50
34  27 -50
35  36 -50
35  43 -50
35  42 -50
35  28 -50
35  29 -50
36  37 -50
36  44 -50
36  43 -50
36  42 -50
36  35 -50
36  28 -50
36  29 -50
36  30 -50
37  38 -50
37  45 -50
37  44 -50
37  43 -50
37  36 -50
37  29 -50
37  30 -50
37  31 -50
38  39 -50
38  46 -50
38  45 -50
38  44 -50
38  37 -50
38  30 -50
38  31 -50
38  32 -50
39  40 -50
39  47 -50
39  46 -50
39  45 -50
39  38 -50
39  31 -50
39  32 -50
39  33 -50
40  41 -50
40  48 -50
40  47 -50
40  46 -50
40  39 -50
40  32 -50
40  33 -50
40  34 -50
41  48 -50
41  47 -50
41  40 -50
41  33 -50
41  34 -50
42  43 -50
42  35 -50
42  36 -50
43  44 -50
43  35 -50
43  36 -50
43  37 -50
44  45 -50
44  43 -50
44  36 -50
44  37 -50
44  38 -50
45  46 -50
45  44 -50
45  37 -50
45  38 -50
45  39 -50
46  47 -50
46  45 -50
46  38 -50
46  39 -50
46  40 -50
47  48 -50
47  46 -50
47  39 -50
47  40 -50
47  41 -50
48  47 -50
48  40 -50
48  41 -50
