DEBUG (1): 1 0 0 0 0 0 0 0 0 0 0
DEBUG (2): 2 0 0 0 0 0 0 0 0 0 0
DEBUG (4): 4 0 0 0 0 0 0 0 0 0 0
DEBUG (1): 1 1 1 1 0 0 0 0 0 0 0
DEBUG (6): 6 0 0 0 0 0 0 0 0 0 0
DEBUG (2): 2 1 1 1 0 1 1 0 2 1 1
DEBUG (8): 8 0 0 0 0 0 0 0 0 0 0
DEBUG (4): 4 1 1 1 0 0 0 0 0 0 0
DEBUG (1): 1 2 2 2 0 3 2 1 4 2 2
DEBUG (10): 10 0 0 0 0 0 0 0 0 0 0
DEBUG (6): 6 1 1 1 0 0 0 0 0 0 0
DEBUG (2): 2 2 2 2 0 2 2 0 4 2 2
DEBUG (8): 8 1 1 1 0 0 0 0 0 0 0
DEBUG (4): 4 2 2 2 0 0 0 0 0 0 0
DEBUG (1): 1 3 3 3 0 5 4 1 10 4 6
DEBUG (10): 10 1 1 1 0 0 0 0 0 0 0
DEBUG (6): 6 2 2 2 0 0 0 0 0 0 0
DEBUG (2): 2 3 3 3 0 3 3 0 7 3 4
DEBUG (8): 8 2 3 2 1 0 0 0 0 0 0
DEBUG (4): 4 3 3 3 0 0 0 0 0 0 0
DEBUG (1): 1 4 4 4 0 7 6 1 15 6 9
DEBUG (10): 10 2 2 2 0 0 0 0 0 0 0
DEBUG (6): 6 3 3 3 0 0 0 0 0 0 0
DEBUG (2): 2 4 4 4 0 4 4 0 9 4 5
DEBUG (8): 8 3 4 3 1 0 0 0 0 0 0
DEBUG (4): 4 4 4 4 0 0 0 0 0 0 0
DEBUG (1): 1 5 5 5 0 9 8 1 19 8 11
DEBUG (10): 10 3 3 3 0 0 0 0 0 0 0
DEBUG (6): 6 4 4 4 0 0 0 0 0 0 0
DEBUG (2): 2 5 5 5 0 5 5 0 11 5 6
DEBUG (8): 8 4 5 4 1 0 0 0 0 0 0
DEBUG (4): 4 5 5 5 0 0 0 0 0 0 0
DEBUG (1): 1 6 6 6 0 11 10 1 24 10 14
DEBUG (10): 10 4 4 4 0 0 0 0 0 0 0
DEBUG (6): 6 5 5 5 0 0 0 0 0 0 0
DEBUG (2): 2 6 7 6 1 8 6 2 13 6 7
DEBUG (8): 8 5 6 5 1 0 0 0 0 0 0
DEBUG (4): 4 6 6 6 0 0 0 0 0 0 0
DEBUG (1): 1 7 7 7 0 15 12 3 29 12 17
DEBUG (10): 10 5 6 5 1 0 0 0 0 0 0
DEBUG (6): 6 6 6 6 0 0 0 0 0 0 0
DEBUG (2): 2 7 8 7 1 9 7 2 16 7 9
DEBUG (8): 8 6 7 6 1 0 0 0 0 0 0
DEBUG (4): 4 7 7 7 0 0 0 0 0 0 0
DEBUG (1): 1 8 8 8 0 17 14 3 33 14 19
DEBUG (10): 10 6 7 6 1 0 0 0 0 0 0
DEBUG (6): 6 7 7 7 0 0 0 0 0 0 0
DEBUG (2): 2 8 9 8 1 10 8 2 18 8 10
DEBUG (8): 8 7 8 7 1 0 0 0 0 0 0
DEBUG (4): 4 8 8 8 0 0 0 0 0 0 0
DEBUG (1): 1 9 9 9 0 19 16 3 38 16 22
DEBUG (10): 10 7 9 7 2 0 0 0 0 0 0
DEBUG (6): 6 8 8 8 0 0 0 0 0 0 0
DEBUG (2): 2 9 11 9 2 12 9 3 21 9 12
DEBUG (8): 8 8 9 8 1 0 0 0 0 0 0
DEBUG (4): 4 9 9 9 0 0 0 0 0 0 0
DEBUG (1): 1 10 11 10 1 21 18 3 44 18 26
DEBUG (10): 10 8 10 8 2 0 0 0 0 0 0
DEBUG (6): 6 9 9 9 0 0 0 0 0 0 0
DEBUG (2): 2 10 12 10 2 13 10 3 25 10 15
DEBUG (8): 8 9 10 9 1 0 0 0 0 0 0
DEBUG (4): 4 10 10 10 0 0 0 0 0 0 0
DEBUG (1): 1 11 12 11 1 23 20 3 49 20 29
DEBUG (10): 10 9 11 9 2 0 0 0 0 0 0
DEBUG (6): 6 10 10 10 0 0 0 0 0 0 0
DEBUG (2): 2 11 13 11 2 14 11 3 29 11 18
DEBUG (8): 8 10 11 10 1 0 0 0 0 0 0
DEBUG (4): 4 11 11 11 0 0 0 0 0 0 0
DEBUG (1): 1 12 13 12 1 26 22 4 53 22 31
DEBUG (10): 10 10 12 10 2 0 0 0 0 0 0
DEBUG (6): 6 11 11 11 0 0 0 0 0 0 0
DEBUG (2): 2 12 14 12 2 15 12 3 33 12 21
DEBUG (8): 8 11 12 11 1 0 0 0 0 0 0
DEBUG (4): 4 12 12 12 0 0 0 0 0 0 0
DEBUG (1): 1 13 14 13 1 29 24 5 61 24 37
DEBUG (10): 10 11 13 11 2 0 0 0 0 0 0
DEBUG (6): 6 12 12 12 0 0 0 0 0 0 0
DEBUG (2): 2 13 15 13 2 16 13 3 35 13 22
DEBUG (8): 8 12 13 12 1 0 0 0 0 0 0
DEBUG (4): 4 13 14 13 1 0 0 0 0 0 0
DEBUG (1): 1 14 15 14 1 31 26 5 66 26 40
DEBUG (10): 10 12 14 12 2 0 0 0 0 0 0
DEBUG (6): 6 13 13 13 0 0 0 0 0 0 0
DEBUG (2): 2 14 16 14 2 17 14 3 37 14 23
DEBUG (8): 8 13 16 13 3 0 0 0 0 0 0
DEBUG (4): 4 14 15 14 1 0 0 0 0 0 0
DEBUG (1): 1 15 17 15 2 34 28 6 72 28 44
DEBUG (10): 10 13 15 13 2 0 0 0 0 0 0
DEBUG (6): 6 14 14 14 0 0 0 0 0 0 0
DEBUG (2): 2 15 17 15 2 18 15 3 40 15 25
DEBUG (8): 8 14 17 14 3 0 0 0 0 0 0
DEBUG (4): 4 15 16 15 1 0 0 0 0 0 0
DEBUG (1): 1 16 18 16 2 36 30 6 77 30 47
DEBUG (10): 10 14 16 14 2 0 0 0 0 0 0
DEBUG (6): 6 15 15 15 0 0 0 0 0 0 0
DEBUG (2): 2 16 18 16 2 19 16 3 42 16 26
DEBUG (8): 8 15 20 15 5 0 0 0 0 0 0
DEBUG (4): 4 16 17 16 1 0 0 0 0 0 0
DEBUG (1): 1 17 19 17 2 38 32 6 82 32 50
DEBUG (10): 10 15 17 15 2 0 0 0 0 0 0
DEBUG (6): 6 16 16 16 0 0 0 0 0 0 0
DEBUG (2): 2 17 19 17 2 20 17 3 44 17 27
DEBUG (8): 8 16 22 16 6 0 0 0 0 0 0
DEBUG (4): 4 17 18 17 1 0 0 0 0 0 0
DEBUG (1): 1 18 20 18 2 42 34 8 88 34 54
DEBUG (10): 10 16 18 16 2 0 0 0 0 0 0
DEBUG (6): 6 17 17 17 0 0 0 0 0 0 0
DEBUG (2): 2 18 20 18 2 21 18 3 46 18 28
DEBUG (8): 8 17 24 17 7 0 0 0 0 0 0
DEBUG (4): 4 18 20 18 2 0 0 0 0 0 0
DEBUG (1): 1 19 22 19 3 44 36 8 92 36 56
DEBUG (10): 10 17 20 17 3 0 0 0 0 0 0
DEBUG (6): 6 18 19 18 1 0 0 0 0 0 0
DEBUG (2): 2 19 21 19 2 23 19 4 48 19 29
DEBUG (8): 8 18 25 18 7 0 0 0 0 0 0
DEBUG (4): 4 19 21 19 2 0 0 0 0 0 0
DEBUG (1): 1 20 23 20 3 46 38 8 97 38 59
DEBUG (10): 10 18 21 18 3 0 0 0 0 0 0
DEBUG (6): 6 19 20 19 1 0 0 0 0 0 0
DEBUG (2): 2 20 23 20 3 24 20 4 50 20 30
DEBUG (8): 8 19 26 19 7 0 0 0 0 0 0
DEBUG (4): 4 20 22 20 2 0 0 0 0 0 0
DEBUG (1): 1 21 24 21 3 48 40 8 102 40 62
DEBUG (10): 10 19 22 19 3 0 0 0 0 0 0
DEBUG (6): 6 20 21 20 1 0 0 0 0 0 0
DEBUG (2): 2 21 24 21 3 25 21 4 52 21 31
DEBUG (8): 8 20 27 20 7 0 0 0 0 0 0
DEBUG (4): 4 21 23 21 2 0 0 0 0 0 0
DEBUG (1): 1 22 25 22 3 50 42 8 107 42 65
DEBUG (10): 10 20 23 20 3 0 0 0 0 0 0
DEBUG (6): 6 21 23 21 2 0 0 0 0 0 0
DEBUG (2): 2 22 25 22 3 26 22 4 54 22 32
DEBUG (8): 8 21 28 21 7 0 0 0 0 0 0
DEBUG (4): 4 22 24 22 2 0 0 0 0 0 0
DEBUG (1): 1 23 26 23 3 53 44 9 111 44 67
DEBUG (10): 10 21 24 21 3 0 0 0 0 0 0
DEBUG (6): 6 22 24 22 2 0 0 0 0 0 0
DEBUG (2): 2 23 26 23 3 27 23 4 59 23 36
DEBUG (8): 8 22 30 22 8 0 0 0 0 0 0
DEBUG (4): 4 23 25 23 2 0 0 0 0 0 0
DEBUG (1): 1 24 27 24 3 57 46 11 115 46 69
DEBUG (10): 10 22 25 22 3 0 0 0 0 0 0
DEBUG (6): 6 23 26 23 3 0 0 0 0 0 0
DEBUG (2): 2 24 27 24 3 29 24 5 61 24 37
DEBUG (8): 8 23 31 23 8 0 0 0 0 0 0
DEBUG (4): 4 24 26 24 2 0 0 0 0 0 0
DEBUG (1): 1 25 28 25 3 60 48 12 120 48 72
DEBUG (10): 10 23 26 23 3 0 0 0 0 0 0
DEBUG (6): 6 24 27 24 3 0 0 0 0 0 0
DEBUG (2): 2 25 28 25 3 30 25 5 64 25 39
DEBUG (8): 8 24 32 24 8 0 0 0 0 0 0
DEBUG (4): 4 25 28 25 3 0 0 0 0 0 0
DEBUG (1): 1 26 30 26 4 62 50 12 126 50 76
DEBUG (10): 10 24 27 24 3 0 0 0 0 0 0
DEBUG (6): 6 25 28 25 3 0 0 0 0 0 0
DEBUG (2): 2 26 29 26 3 31 26 5 68 26 42
DEBUG (8): 8 25 33 25 8 0 0 0 0 0 0
DEBUG (4): 4 26 29 26 3 0 0 0 0 0 0
DEBUG (1): 1 27 32 27 5 64 52 12 130 52 78
DEBUG (10): 10 25 28 25 3 0 0 0 0 0 0
DEBUG (6): 6 26 29 26 3 0 0 0 0 0 0
DEBUG (2): 2 27 30 27 3 32 27 5 71 27 44
DEBUG (8): 8 26 34 26 8 0 0 0 0 0 0
DEBUG (4): 4 27 30 27 3 0 0 0 0 0 0
DEBUG (1): 1 28 33 28 5 66 54 12 135 54 81
DEBUG (10): 10 26 29 26 3 0 0 0 0 0 0
DEBUG (6): 6 27 30 27 3 0 0 0 0 0 0
DEBUG (2): 2 28 31 28 3 33 28 5 73 28 45
DEBUG (8): 8 27 36 27 9 0 0 0 0 0 0
DEBUG (4): 4 28 32 28 4 0 0 0 0 0 0
DEBUG (1): 1 29 34 29 5 70 56 14 141 56 85
DEBUG (10): 10 27 32 27 5 0 0 0 0 0 0
DEBUG (6): 6 28 31 28 3 0 0 0 0 0 0
DEBUG (2): 2 29 32 29 3 34 29 5 75 29 46
DEBUG (8): 8 28 38 28 10 0 0 0 0 0 0
DEBUG (4): 4 29 33 29 4 0 0 0 0 0 0
DEBUG (1): 1 30 35 30 5 72 58 14 149 58 91
DEBUG (10): 10 28 33 28 5 0 0 0 0 0 0
DEBUG (6): 6 29 32 29 3 0 0 0 0 0 0
DEBUG (2): 2 30 33 30 3 35 30 5 79 30 49
DEBUG (8): 8 29 39 29 10 0 0 0 0 0 0
DEBUG (4): 4 30 34 30 4 0 0 0 0 0 0
DEBUG (1): 1 31 38 31 7 74 60 14 153 60 93
DEBUG (10): 10 29 34 29 5 0 0 0 0 0 0
DEBUG (6): 6 30 33 30 3 0 0 0 0 0 0
DEBUG (2): 2 31 34 31 3 36 31 5 82 31 51
DEBUG (8): 8 30 40 30 10 0 0 0 0 0 0
DEBUG (4): 4 31 35 31 4 0 0 0 0 0 0
DEBUG (1): 1 32 41 32 9 76 62 14 158 62 96
DEBUG (10): 10 30 35 30 5 0 0 0 0 0 0
DEBUG (6): 6 31 34 31 3 0 0 0 0 0 0
DEBUG (2): 2 32 35 32 3 37 32 5 85 32 53
DEBUG (8): 8 31 41 31 10 0 0 0 0 0 0
DEBUG (4): 4 32 36 32 4 0 0 0 0 0 0
DEBUG (1): 1 33 42 33 9 78 64 14 162 64 98
DEBUG (10): 10 31 38 31 7 0 0 0 0 0 0
DEBUG (6): 6 32 36 32 4 0 0 0 0 0 0
DEBUG (2): 2 33 36 33 3 38 33 5 87 33 54
DEBUG (8): 8 32 42 32 10 0 0 0 0 0 0
DEBUG (4): 4 33 37 33 4 0 0 0 0 0 0
DEBUG (1): 1 34 43 34 9 80 66 14 167 66 101
DEBUG (10): 10 32 39 32 7 0 0 0 0 0 0
DEBUG (6): 6 33 37 33 4 0 0 0 0 0 0
DEBUG (2): 2 34 37 34 3 39 34 5 89 34 55
DEBUG (8): 8 33 44 33 11 0 0 0 0 0 0
DEBUG (4): 4 34 38 34 4 0 0 0 0 0 0
DEBUG (1): 1 35 44 35 9 83 68 15 172 68 104
DEBUG (10): 10 33 40 33 7 0 0 0 0 0 0
DEBUG (6): 6 34 38 34 4 0 0 0 0 0 0
DEBUG (2): 2 35 38 35 3 42 35 7 91 35 56
DEBUG (8): 8 34 45 34 11 0 0 0 0 0 0
DEBUG (4): 4 35 39 35 4 0 0 0 0 0 0
DEBUG (1): 1 36 45 36 9 85 70 15 177 70 107
DEBUG (10): 10 34 41 34 7 0 0 0 0 0 0
DEBUG (6): 6 35 39 35 4 0 0 0 0 0 0
DEBUG (2): 2 36 39 36 3 43 36 7 94 36 58
DEBUG (8): 8 35 46 35 11 0 0 0 0 0 0
DEBUG (4): 4 36 40 36 4 0 0 0 0 0 0
DEBUG (1): 1 37 46 37 9 87 72 15 181 72 109
DEBUG (10): 10 35 42 35 7 0 0 0 0 0 0
DEBUG (6): 6 36 40 36 4 0 0 0 0 0 0
DEBUG (2): 2 37 40 37 3 44 37 7 96 37 59
DEBUG (8): 8 36 47 36 11 0 0 0 0 0 0
DEBUG (4): 4 37 41 37 4 0 0 0 0 0 0
DEBUG (1): 1 38 47 38 9 89 74 15 185 74 111
DEBUG (10): 10 36 43 36 7 0 0 0 0 0 0
DEBUG (6): 6 37 41 37 4 0 0 0 0 0 0
DEBUG (2): 2 38 41 38 3 45 38 7 98 38 60
DEBUG (8): 8 37 48 37 11 0 0 0 0 0 0
DEBUG (4): 4 38 42 38 4 0 0 0 0 0 0
DEBUG (1): 1 39 48 39 9 91 76 15 190 76 114
DEBUG (10): 10 37 45 37 8 0 0 0 0 0 0
DEBUG (6): 6 38 42 38 4 0 0 0 0 0 0
DEBUG (2): 2 39 42 39 3 46 39 7 100 39 61
DEBUG (8): 8 38 49 38 11 0 0 0 0 0 0
DEBUG (4): 4 39 44 39 5 0 0 0 0 0 0
DEBUG (1): 1 40 49 40 9 93 78 15 194 78 116
DEBUG (10): 10 38 46 38 8 0 0 0 0 0 0
DEBUG (6): 6 39 43 39 4 0 0 0 0 0 0
DEBUG (2): 2 40 43 40 3 47 40 7 102 40 62
DEBUG (8): 8 39 50 39 11 0 0 0 0 0 0
DEBUG (4): 4 40 45 40 5 0 0 0 0 0 0
DEBUG (1): 1 41 50 41 9 95 80 15 199 80 119
DEBUG (10): 10 39 47 39 8 0 0 0 0 0 0
DEBUG (6): 6 40 44 40 4 0 0 0 0 0 0
DEBUG (2): 2 41 45 41 4 48 41 7 104 41 63
DEBUG (8): 8 40 51 40 11 0 0 0 0 0 0
DEBUG (4): 4 41 46 41 5 0 0 0 0 0 0
DEBUG (1): 1 42 51 42 9 97 82 15 203 82 121
DEBUG (10): 10 40 48 40 8 0 0 0 0 0 0
DEBUG (6): 6 41 45 41 4 0 0 0 0 0 0
DEBUG (2): 2 42 46 42 4 49 42 7 107 42 65
DEBUG (8): 8 41 52 41 11 0 0 0 0 0 0
DEBUG (4): 4 42 47 42 5 0 0 0 0 0 0
DEBUG (1): 1 43 52 43 9 99 84 15 208 84 124
DEBUG (10): 10 41 49 41 8 0 0 0 0 0 0
DEBUG (6): 6 42 46 42 4 0 0 0 0 0 0
DEBUG (2): 2 43 47 43 4 50 43 7 110 43 67
DEBUG (8): 8 42 55 42 13 0 0 0 0 0 0
DEBUG (4): 4 43 48 43 5 0 0 0 0 0 0
DEBUG (1): 1 44 53 44 9 101 86 15 219 86 133
DEBUG (10): 10 42 50 42 8 0 0 0 0 0 0
DEBUG (6): 6 43 47 43 4 0 0 0 0 0 0
DEBUG (2): 2 44 48 44 4 51 44 7 112 44 68
DEBUG (8): 8 43 56 43 13 0 0 0 0 0 0
DEBUG (4): 4 44 49 44 5 0 0 0 0 0 0
DEBUG (1): 1 45 54 45 9 103 88 15 223 88 135
DEBUG (10): 10 43 51 43 8 0 0 0 0 0 0
DEBUG (6): 6 44 48 44 4 0 0 0 0 0 0
DEBUG (2): 2 45 49 45 4 53 45 8 114 45 69
DEBUG (8): 8 44 57 44 13 0 0 0 0 0 0
DEBUG (4): 4 45 50 45 5 0 0 0 0 0 0
DEBUG (1): 1 46 55 46 9 105 90 15 227 90 137
DEBUG (10): 10 44 53 44 9 0 0 0 0 0 0
DEBUG (6): 6 45 49 45 4 0 0 0 0 0 0
DEBUG (2): 2 46 50 46 4 54 46 8 117 46 71
DEBUG (8): 8 45 58 45 13 0 0 0 0 0 0
DEBUG (4): 4 46 51 46 5 0 0 0 0 0 0
DEBUG (1): 1 47 56 47 9 108 92 16 233 92 141
DEBUG (10): 10 45 54 45 9 0 0 0 0 0 0
DEBUG (6): 6 46 50 46 4 0 0 0 0 0 0
DEBUG (2): 2 47 51 47 4 55 47 8 119 47 72
DEBUG (8): 8 46 59 46 13 0 0 0 0 0 0
DEBUG (4): 4 47 52 47 5 0 0 0 0 0 0
DEBUG (1): 1 48 57 48 9 110 94 16 239 94 145
DEBUG (10): 10 46 55 46 9 0 0 0 0 0 0
DEBUG (6): 6 47 51 47 4 0 0 0 0 0 0
DEBUG (2): 2 48 52 48 4 56 48 8 121 48 73
DEBUG (8): 8 47 60 47 13 0 0 0 0 0 0
DEBUG (4): 4 48 53 48 5 0 0 0 0 0 0
DEBUG (1): 1 49 58 49 9 112 96 16 244 96 148
DEBUG (10): 10 47 56 47 9 0 0 0 0 0 0
DEBUG (6): 6 48 52 48 4 0 0 0 0 0 0
DEBUG (2): 2 49 54 49 5 57 49 8 123 49 74
DEBUG (8): 8 48 61 48 13 0 0 0 0 0 0
DEBUG (4): 4 49 54 49 5 0 0 0 0 0 0
DEBUG (1): 1 50 59 50 9 114 98 16 248 98 150
DEBUG (10): 10 48 57 48 9 0 0 0 0 0 0
DEBUG (6): 6 49 53 49 4 0 0 0 0 0 0
DEBUG (2): 2 50 55 50 5 58 50 8 125 50 75
DEBUG (8): 8 49 62 49 13 0 0 0 0 0 0
DEBUG (4): 4 50 55 50 5 0 0 0 0 0 0
DEBUG (1): 1 51 60 51 9 116 100 16 253 100 153
DEBUG (10): 10 49 58 49 9 0 0 0 0 0 0
DEBUG (6): 6 50 54 50 4 0 0 0 0 0 0
DEBUG (2): 2 51 58 51 7 59 51 8 128 51 77
DEBUG (8): 8 50 63 50 13 0 0 0 0 0 0
DEBUG (4): 4 51 56 51 5 0 0 0 0 0 0
DEBUG (1): 1 52 61 52 9 118 102 16 258 102 156
DEBUG (10): 10 50 61 50 11 0 0 0 0 0 0
DEBUG (6): 6 51 55 51 4 0 0 0 0 0 0
DEBUG (2): 2 52 59 52 7 61 52 9 130 52 78
DEBUG (8): 8 51 65 51 14 0 0 0 0 0 0
DEBUG (4): 4 52 57 52 5 0 0 0 0 0 0
DEBUG (1): 1 53 62 53 9 120 104 16 263 104 159
DEBUG (10): 10 51 62 51 11 0 0 0 0 0 0
DEBUG (6): 6 52 56 52 4 0 0 0 0 0 0
DEBUG (2): 2 53 60 53 7 62 53 9 132 53 79
DEBUG (8): 8 52 66 52 14 0 0 0 0 0 0
DEBUG (4): 4 53 59 53 6 0 0 0 0 0 0
DEBUG (1): 1 54 63 54 9 122 106 16 267 106 161
DEBUG (10): 10 52 63 52 11 0 0 0 0 0 0
DEBUG (6): 6 53 57 53 4 0 0 0 0 0 0
DEBUG (2): 2 54 62 54 8 63 54 9 134 54 80
DEBUG (8): 8 53 67 53 14 0 0 0 0 0 0
DEBUG (4): 4 54 60 54 6 0 0 0 0 0 0
DEBUG (1): 1 55 64 55 9 125 108 17 272 108 164
DEBUG (10): 10 53 64 53 11 0 0 0 0 0 0
DEBUG (6): 6 54 59 54 5 0 0 0 0 0 0
DEBUG (2): 2 55 63 55 8 65 55 10 137 55 82
DEBUG (8): 8 54 68 54 14 0 0 0 0 0 0
DEBUG (4): 4 55 61 55 6 0 0 0 0 0 0
DEBUG (1): 1 56 65 56 9 127 110 17 279 110 169
DEBUG (10): 10 54 65 54 11 0 0 0 0 0 0
DEBUG (6): 6 55 60 55 5 0 0 0 0 0 0
DEBUG (2): 2 56 64 56 8 66 56 10 140 56 84
DEBUG (8): 8 55 69 55 14 0 0 0 0 0 0
DEBUG (4): 4 56 62 56 6 0 0 0 0 0 0
DEBUG (1): 1 57 66 57 9 130 112 18 283 112 171
DEBUG (10): 10 55 66 55 11 0 0 0 0 0 0
DEBUG (6): 6 56 62 56 6 0 0 0 0 0 0
DEBUG (2): 2 57 66 57 9 67 57 10 143 57 86
DEBUG (8): 8 56 70 56 14 0 0 0 0 0 0
DEBUG (4): 4 57 63 57 6 0 0 0 0 0 0
DEBUG (1): 1 58 67 58 9 132 114 18 288 114 174
DEBUG (10): 10 56 67 56 11 0 0 0 0 0 0
DEBUG (6): 6 57 63 57 6 0 0 0 0 0 0
DEBUG (2): 2 58 68 58 10 68 58 10 146 58 88
DEBUG (8): 8 57 71 57 14 0 0 0 0 0 0
DEBUG (4): 4 58 64 58 6 0 0 0 0 0 0
DEBUG (1): 1 59 68 59 9 134 116 18 292 116 176
DEBUG (10): 10 57 68 57 11 0 0 0 0 0 0
DEBUG (6): 6 58 64 58 6 0 0 0 0 0 0
DEBUG (2): 2 59 69 59 10 69 59 10 150 59 91
DEBUG (8): 8 58 72 58 14 0 0 0 0 0 0
DEBUG (4): 4 59 65 59 6 0 0 0 0 0 0
DEBUG (1): 1 60 69 60 9 136 118 18 297 118 179
DEBUG (10): 10 58 69 58 11 0 0 0 0 0 0
DEBUG (6): 6 59 65 59 6 0 0 0 0 0 0
DEBUG (2): 2 60 70 60 10 70 60 10 152 60 92
DEBUG (8): 8 59 73 59 14 0 0 0 0 0 0
DEBUG (4): 4 60 66 60 6 0 0 0 0 0 0
DEBUG (1): 1 61 70 61 9 138 120 18 303 120 183
DEBUG (10): 10 59 70 59 11 0 0 0 0 0 0
DEBUG (6): 6 60 66 60 6 0 0 0 0 0 0
DEBUG (2): 2 61 71 61 10 71 61 10 155 61 94
DEBUG (8): 8 60 74 60 14 0 0 0 0 0 0
DEBUG (4): 4 61 67 61 6 0 0 0 0 0 0
DEBUG (1): 1 62 71 62 9 141 122 19 309 122 187
DEBUG (10): 10 60 74 60 14 0 0 0 0 0 0
DEBUG (6): 6 61 67 61 6 0 0 0 0 0 0
DEBUG (2): 2 62 72 62 10 72 62 10 161 62 99
DEBUG (8): 8 61 75 61 14 0 0 0 0 0 0
DEBUG (4): 4 62 68 62 6 0 0 0 0 0 0
DEBUG (1): 1 63 72 63 9 143 124 19 316 124 192
DEBUG (10): 10 61 75 61 14 0 0 0 0 0 0
DEBUG (6): 6 62 68 62 6 0 0 0 0 0 0
DEBUG (2): 2 63 73 63 10 73 63 10 163 63 100
DEBUG (8): 8 62 76 62 14 0 0 0 0 0 0
DEBUG (4): 4 63 69 63 6 0 0 0 0 0 0
DEBUG (1): 1 64 73 64 9 145 126 19 320 126 194
DEBUG (10): 10 62 76 62 14 0 0 0 0 0 0
DEBUG (6): 6 63 69 63 6 0 0 0 0 0 0
DEBUG (2): 2 64 75 64 11 74 64 10 166 64 102
DEBUG (8): 8 63 77 63 14 0 0 0 0 0 0
DEBUG (4): 4 64 70 64 6 0 0 0 0 0 0
DEBUG (1): 1 65 74 65 9 147 128 19 324 128 196
DEBUG (10): 10 63 77 63 14 0 0 0 0 0 0
DEBUG (6): 6 64 70 64 6 0 0 0 0 0 0
DEBUG (2): 2 65 76 65 11 76 65 11 168 65 103
DEBUG (8): 8 64 78 64 14 0 0 0 0 0 0
DEBUG (4): 4 65 71 65 6 0 0 0 0 0 0
DEBUG (1): 1 66 75 66 9 149 130 19 330 130 200
DEBUG (10): 10 64 78 64 14 0 0 0 0 0 0
DEBUG (6): 6 65 71 65 6 0 0 0 0 0 0
DEBUG (2): 2 66 77 66 11 77 66 11 170 66 104
DEBUG (8): 8 65 79 65 14 0 0 0 0 0 0
DEBUG (4): 4 66 72 66 6 0 0 0 0 0 0
DEBUG (1): 1 67 77 67 10 151 132 19 335 132 203
DEBUG (10): 10 65 79 65 14 0 0 0 0 0 0
DEBUG (6): 6 66 72 66 6 0 0 0 0 0 0
DEBUG (2): 2 67 78 67 11 78 67 11 172 67 105
DEBUG (8): 8 66 80 66 14 0 0 0 0 0 0
DEBUG (4): 4 67 73 67 6 0 0 0 0 0 0
DEBUG (1): 1 68 78 68 10 153 134 19 341 134 207
DEBUG (10): 10 66 81 66 15 0 0 0 0 0 0
DEBUG (6): 6 67 74 67 7 0 0 0 0 0 0
DEBUG (2): 2 68 79 68 11 79 68 11 174 68 106
DEBUG (8): 8 67 81 67 14 0 0 0 0 0 0
DEBUG (4): 4 68 75 68 7 0 0 0 0 0 0
DEBUG (1): 1 69 79 69 10 155 136 19 346 136 210
DEBUG (10): 10 67 82 67 15 0 0 0 0 0 0
DEBUG (6): 6 68 75 68 7 0 0 0 0 0 0
DEBUG (2): 2 69 80 69 11 81 69 12 176 69 107
DEBUG (8): 8 68 82 68 14 0 0 0 0 0 0
DEBUG (4): 4 69 76 69 7 0 0 0 0 0 0
DEBUG (1): 1 70 80 70 10 157 138 19 350 138 212
DEBUG (10): 10 68 83 68 15 0 0 0 0 0 0
DEBUG (6): 6 69 76 69 7 0 0 0 0 0 0
DEBUG (2): 2 70 81 70 11 82 70 12 179 70 109
DEBUG (8): 8 69 83 69 14 0 0 0 0 0 0
DEBUG (4): 4 70 77 70 7 0 0 0 0 0 0
DEBUG (1): 1 71 81 71 10 160 140 20 354 140 214
DEBUG (10): 10 69 84 69 15 0 0 0 0 0 0
DEBUG (6): 6 70 77 70 7 0 0 0 0 0 0
DEBUG (2): 2 71 82 71 11 83 71 12 181 71 110
DEBUG (8): 8 70 84 70 14 0 0 0 0 0 0
DEBUG (4): 4 71 78 71 7 0 0 0 0 0 0
DEBUG (1): 1 72 82 72 10 162 142 20 358 142 216
DEBUG (10): 10 70 85 70 15 0 0 0 0 0 0
DEBUG (6): 6 71 78 71 7 0 0 0 0 0 0
DEBUG (2): 2 72 83 72 11 84 72 12 183 72 111
DEBUG (8): 8 71 85 71 14 0 0 0 0 0 0
DEBUG (4): 4 72 79 72 7 0 0 0 0 0 0
DEBUG (1): 1 73 84 73 11 165 144 21 362 144 218
DEBUG (10): 10 71 87 71 16 0 0 0 0 0 0
DEBUG (6): 6 72 80 72 8 0 0 0 0 0 0
DEBUG (2): 2 73 86 73 13 85 73 12 185 73 112
DEBUG (8): 8 72 86 72 14 0 0 0 0 0 0
DEBUG (4): 4 73 80 73 7 0 0 0 0 0 0
DEBUG (1): 1 74 85 74 11 167 146 21 366 146 220
DEBUG (10): 10 72 88 72 16 0 0 0 0 0 0
DEBUG (6): 6 73 81 73 8 0 0 0 0 0 0
DEBUG (2): 2 74 88 74 14 86 74 12 187 74 113
DEBUG (8): 8 73 88 73 15 0 0 0 0 0 0
DEBUG (4): 4 74 81 74 7 0 0 0 0 0 0
DEBUG (1): 1 75 86 75 11 170 148 22 370 148 222
DEBUG (10): 10 73 89 73 16 0 0 0 0 0 0
DEBUG (6): 6 74 82 74 8 0 0 0 0 0 0
DEBUG (2): 2 75 89 75 14 87 75 12 189 75 114
DEBUG (8): 8 74 89 74 15 0 0 0 0 0 0
DEBUG (4): 4 75 82 75 7 0 0 0 0 0 0
DEBUG (1): 1 76 87 76 11 172 150 22 375 150 225
DEBUG (10): 10 74 90 74 16 0 0 0 0 0 0
DEBUG (6): 6 75 83 75 8 0 0 0 0 0 0
DEBUG (2): 2 76 90 76 14 88 76 12 191 76 115
DEBUG (8): 8 75 90 75 15 0 0 0 0 0 0
DEBUG (4): 4 76 83 76 7 0 0 0 0 0 0
DEBUG (1): 1 77 88 77 11 174 152 22 379 152 227
DEBUG (10): 10 75 92 75 17 0 0 0 0 0 0
DEBUG (6): 6 76 84 76 8 0 0 0 0 0 0
DEBUG (2): 2 77 92 77 15 89 77 12 193 77 116
DEBUG (8): 8 76 91 76 15 0 0 0 0 0 0
DEBUG (4): 4 77 84 77 7 0 0 0 0 0 0
DEBUG (1): 1 78 90 78 12 177 154 23 386 154 232
DEBUG (10): 10 76 93 76 17 0 0 0 0 0 0
DEBUG (6): 6 77 86 77 9 0 0 0 0 0 0
DEBUG (2): 2 78 94 78 16 90 78 12 197 78 119
DEBUG (8): 8 77 92 77 15 0 0 0 0 0 0
DEBUG (4): 4 78 85 78 7 0 0 0 0 0 0
DEBUG (1): 1 79 91 79 12 179 156 23 390 156 234
DEBUG (10): 10 77 94 77 17 0 0 0 0 0 0
DEBUG (6): 6 78 87 78 9 0 0 0 0 0 0
DEBUG (2): 2 79 95 79 16 91 79 12 200 79 121
DEBUG (8): 8 78 93 78 15 0 0 0 0 0 0
DEBUG (4): 4 79 86 79 7 0 0 0 0 0 0
DEBUG (1): 1 80 92 80 12 182 158 24 394 158 236
DEBUG (10): 10 78 95 78 17 0 0 0 0 0 0
DEBUG (6): 6 79 88 79 9 0 0 0 0 0 0
DEBUG (2): 2 80 96 80 16 92 80 12 203 80 123
DEBUG (8): 8 79 94 79 15 0 0 0 0 0 0
DEBUG (4): 4 80 87 80 7 0 0 0 0 0 0
DEBUG (1): 1 81 93 81 12 185 160 25 398 160 238
DEBUG (10): 10 79 96 79 17 0 0 0 0 0 0
DEBUG (6): 6 80 89 80 9 0 0 0 0 0 0
DEBUG (2): 2 81 97 81 16 93 81 12 208 81 127
DEBUG (8): 8 80 95 80 15 0 0 0 0 0 0
DEBUG (4): 4 81 88 81 7 0 0 0 0 0 0
DEBUG (1): 1 82 94 82 12 187 162 25 402 162 240
DEBUG (10): 10 80 97 80 17 0 0 0 0 0 0
DEBUG (6): 6 81 90 81 9 0 0 0 0 0 0
DEBUG (2): 2 82 98 82 16 94 82 12 210 82 128
DEBUG (8): 8 81 96 81 15 0 0 0 0 0 0
DEBUG (4): 4 82 91 82 9 0 0 0 0 0 0
DEBUG (1): 1 83 95 83 12 189 164 25 406 164 242
DEBUG (10): 10 81 99 81 18 0 0 0 0 0 0
DEBUG (6): 6 82 91 82 9 0 0 0 0 0 0
DEBUG (2): 2 83 99 83 16 95 83 12 213 83 130
DEBUG (8): 8 82 97 82 15 0 0 0 0 0 0
DEBUG (4): 4 83 92 83 9 0 0 0 0 0 0
DEBUG (1): 1 84 97 84 13 191 166 25 412 166 246
DEBUG (10): 10 82 100 82 18 0 0 0 0 0 0
DEBUG (6): 6 83 92 83 9 0 0 0 0 0 0
DEBUG (2): 2 84 100 84 16 96 84 12 215 84 131
DEBUG (8): 8 83 98 83 15 0 0 0 0 0 0
DEBUG (4): 4 84 93 84 9 0 0 0 0 0 0
DEBUG (1): 1 85 98 85 13 195 168 27 417 168 249
DEBUG (10): 10 83 101 83 18 0 0 0 0 0 0
DEBUG (6): 6 84 93 84 9 0 0 0 0 0 0
DEBUG (2): 2 85 102 85 17 97 85 12 218 85 133
DEBUG (8): 8 84 99 84 15 0 0 0 0 0 0
DEBUG (4): 4 85 94 85 9 0 0 0 0 0 0
DEBUG (1): 1 86 99 86 13 198 170 28 421 170 251
DEBUG (10): 10 84 102 84 18 0 0 0 0 0 0
DEBUG (6): 6 85 94 85 9 0 0 0 0 0 0
DEBUG (2): 2 86 103 86 17 98 86 12 220 86 134
DEBUG (8): 8 85 101 85 16 0 0 0 0 0 0
DEBUG (4): 4 86 95 86 9 0 0 0 0 0 0
DEBUG (1): 1 87 100 87 13 201 172 29 425 172 253
DEBUG (10): 10 85 104 85 19 0 0 0 0 0 0
DEBUG (6): 6 86 95 86 9 0 0 0 0 0 0
DEBUG (2): 2 87 104 87 17 99 87 12 223 87 136
DEBUG (8): 8 86 102 86 16 0 0 0 0 0 0
DEBUG (4): 4 87 96 87 9 0 0 0 0 0 0
DEBUG (1): 1 88 102 88 14 203 174 29 430 174 256
DEBUG (10): 10 86 105 86 19 0 0 0 0 0 0
DEBUG (6): 6 87 97 87 10 0 0 0 0 0 0
DEBUG (2): 2 88 105 88 17 100 88 12 226 88 138
DEBUG (8): 8 87 103 87 16 0 0 0 0 0 0
DEBUG (4): 4 88 97 88 9 0 0 0 0 0 0
DEBUG (1): 1 89 104 89 15 207 176 31 436 176 260
DEBUG (10): 10 87 108 87 21 0 0 0 0 0 0
DEBUG (6): 6 88 98 88 10 0 0 0 0 0 0
DEBUG (2): 2 89 106 89 17 101 89 12 229 89 140
DEBUG (8): 8 88 104 88 16 0 0 0 0 0 0
DEBUG (4): 4 89 98 89 9 0 0 0 0 0 0
DEBUG (1): 1 90 105 90 15 209 178 31 440 178 262
DEBUG (10): 10 88 109 88 21 0 0 0 0 0 0
DEBUG (6): 6 89 99 89 10 0 0 0 0 0 0
DEBUG (2): 2 90 107 90 17 102 90 12 231 90 141
DEBUG (8): 8 89 105 89 16 0 0 0 0 0 0
DEBUG (4): 4 90 99 90 9 0 0 0 0 0 0
DEBUG (1): 1 91 106 91 15 212 180 32 445 180 265
DEBUG (10): 10 89 110 89 21 0 0 0 0 0 0
DEBUG (6): 6 90 100 90 10 0 0 0 0 0 0
DEBUG (2): 2 91 108 91 17 103 91 12 233 91 142
DEBUG (8): 8 90 106 90 16 0 0 0 0 0 0
DEBUG (4): 4 91 100 91 9 0 0 0 0 0 0
DEBUG (1): 1 92 107 92 15 214 182 32 450 182 268
DEBUG (10): 10 90 111 90 21 0 0 0 0 0 0
DEBUG (6): 6 91 101 91 10 0 0 0 0 0 0
DEBUG (2): 2 92 109 92 17 104 92 12 235 92 143
DEBUG (8): 8 91 107 91 16 0 0 0 0 0 0
DEBUG (4): 4 92 101 92 9 0 0 0 0 0 0
DEBUG (1): 1 93 108 93 15 216 184 32 454 184 270
DEBUG (10): 10 91 112 91 21 0 0 0 0 0 0
DEBUG (6): 6 92 102 92 10 0 0 0 0 0 0
DEBUG (2): 2 93 110 93 17 105 93 12 237 93 144
DEBUG (8): 8 92 108 92 16 0 0 0 0 0 0
DEBUG (4): 4 93 103 93 10 0 0 0 0 0 0
DEBUG (1): 1 94 109 94 15 218 186 32 459 186 273
DEBUG (10): 10 92 113 92 21 0 0 0 0 0 0
DEBUG (6): 6 93 103 93 10 0 0 0 0 0 0
DEBUG (2): 2 94 111 94 17 106 94 12 239 94 145
DEBUG (8): 8 93 109 93 16 0 0 0 0 0 0
DEBUG (4): 4 94 105 94 11 0 0 0 0 0 0
DEBUG (1): 1 95 110 95 15 220 188 32 463 188 275
DEBUG (10): 10 93 114 93 21 0 0 0 0 0 0
DEBUG (6): 6 94 104 94 10 0 0 0 0 0 0
DEBUG (2): 2 95 112 95 17 107 95 12 244 95 149
DEBUG (8): 8 94 110 94 16 0 0 0 0 0 0
DEBUG (4): 4 95 106 95 11 0 0 0 0 0 0
DEBUG (1): 1 96 111 96 15 222 190 32 467 190 277
DEBUG (10): 10 94 115 94 21 0 0 0 0 0 0
DEBUG (6): 6 95 105 95 10 0 0 0 0 0 0
DEBUG (2): 2 96 113 96 17 108 96 12 246 96 150
DEBUG (8): 8 95 111 95 16 0 0 0 0 0 0
DEBUG (4): 4 96 107 96 11 0 0 0 0 0 0
DEBUG (1): 1 97 113 97 16 224 192 32 476 192 284
DEBUG (10): 10 95 116 95 21 0 0 0 0 0 0
DEBUG (6): 6 96 106 96 10 0 0 0 0 0 0
DEBUG (2): 2 97 115 97 18 109 97 12 249 97 152
DEBUG (8): 8 96 112 96 16 0 0 0 0 0 0
DEBUG (4): 4 97 109 97 12 0 0 0 0 0 0
DEBUG (1): 1 98 115 98 17 226 194 32 481 194 287
DEBUG (10): 10 96 117 96 21 0 0 0 0 0 0
DEBUG (6): 6 97 107 97 10 0 0 0 0 0 0
DEBUG (2): 2 98 116 98 18 110 98 12 251 98 153
DEBUG (8): 8 97 114 97 17 0 0 0 0 0 0
DEBUG (4): 4 98 110 98 12 0 0 0 0 0 0
DEBUG (1): 1 99 116 99 17 228 196 32 486 196 290
DEBUG (10): 10 97 118 97 21 0 0 0 0 0 0
DEBUG (6): 6 98 108 98 10 0 0 0 0 0 0
DEBUG (2): 2 99 117 99 18 111 99 12 254 99 155
DEBUG (8): 8 98 115 98 17 0 0 0 0 0 0
DEBUG (4): 4 99 111 99 12 0 0 0 0 0 0
DEBUG (1): 1 100 117 100 17 230 198 32 491 198 293
DEBUG (10): 10 98 119 98 21 0 0 0 0 0 0
DEBUG (6): 6 99 109 99 10 0 0 0 0 0 0
DEBUG (2): 2 100 118 100 18 112 100 12 256 100 156
DEBUG (8): 8 99 116 99 17 0 0 0 0 0 0
DEBUG (4): 4 100 112 100 12 0 0 0 0 0 0
DEBUG (1): 1 101 118 101 17 232 200 32 496 200 296
DEBUG (10): 10 99 120 99 21 0 0 0 0 0 0
DEBUG (6): 6 100 110 100 10 0 0 0 0 0 0
DEBUG (2): 2 101 119 101 18 113 101 12 259 101 158
DEBUG (8): 8 100 117 100 17 0 0 0 0 0 0
DEBUG (4): 4 101 113 101 12 0 0 0 0 0 0
DEBUG (1): 1 102 119 102 17 235 202 33 502 202 300
DEBUG (10): 10 100 121 100 21 0 0 0 0 0 0
DEBUG (6): 6 101 112 101 11 0 0 0 0 0 0
DEBUG (2): 2 102 120 102 18 114 102 12 261 102 159
DEBUG (8): 8 101 118 101 17 0 0 0 0 0 0
DEBUG (4): 4 102 114 102 12 0 0 0 0 0 0
DEBUG (1): 1 103 120 103 17 237 204 33 506 204 302
DEBUG (10): 10 101 122 101 21 0 0 0 0 0 0
DEBUG (6): 6 102 113 102 11 0 0 0 0 0 0
DEBUG (2): 2 103 121 103 18 115 103 12 264 103 161
DEBUG (8): 8 102 119 102 17 0 0 0 0 0 0
