0  0 0 1 0 1
1  1 0 1 0 1
2  2 0 1 0 1
3  3 0 1 0 1
4  4 0 1 0 1
5  5 0 1 0 1
6  6 0 1 0 1
7  0 1 1 0 1
8  1 1 1 0 1
9  2 1 1 1 1
10  3 1 1 1
11  4 1 1 1
12  5 1 1 1
13  6 1 1 1
14  0 2 1 1
15  1 2 1 1
16  2 2 1 1
17  3 2 1 1
18  4 2 1 1
19  5 2 1 1
20  6 2 1 1
21  0 3 1 1
22  1 3 1 1
23  2 3 1 1
24  3 3 1 1
25  4 3 1 1
26  5 3 1 1
27  6 3 1 1
28  0 4 1 1
29  1 4 1 1
30  2 4 1 1
31  3 4 1 1
32  4 4 1 1
33  5 4 1 1
34  6 4 1 1
35  0 5 1 1
36  1 5 1 1
37  2 5 1 1
38  3 5 1 1
39  4 5 1 1
40  5 5 1 1
41  6 5 1 1 
42  0 6 1 1
43  1 6 1 1
44  2 6 1 1
45  3 6 1 1
46  4 6 1 1
47  5 6 1 1
48  6 6 1 1
