DEBUG (1): 1 0 0 0 0 0 0 0 0 0 0
DEBUG (2): 2 0 0 0 0 0 0 0 0 0 0
DEBUG (4): 4 0 0 0 0 0 0 0 0 0 0
DEBUG (1): 1 1 1 1 0 0 0 0 0 0 0
DEBUG (6): 6 0 0 0 0 0 0 0 0 0 0
DEBUG (2): 2 1 1 1 0 1 1 0 2 1 1
DEBUG (8): 8 0 0 0 0 0 0 0 0 0 0
DEBUG (4): 4 1 1 1 0 0 0 0 0 0 0
DEBUG (1): 1 2 2 2 0 2 2 0 4 2 2
DEBUG (10): 10 0 0 0 0 0 0 0 0 0 0
DEBUG (6): 6 1 1 1 0 0 0 0 0 0 0
DEBUG (2): 2 2 2 2 0 2 2 0 4 2 2
DEBUG (8): 8 1 1 1 0 0 0 0 0 0 0
DEBUG (4): 4 2 2 2 0 0 0 0 0 0 0
DEBUG (1): 1 3 3 3 0 4 4 0 8 4 4
DEBUG (10): 10 1 1 1 0 0 0 0 0 0 0
DEBUG (6): 6 2 2 2 0 0 0 0 0 0 0
DEBUG (2): 2 3 3 3 0 3 3 0 8 3 5
DEBUG (8): 8 2 2 2 0 0 0 0 0 0 0
DEBUG (4): 4 3 3 3 0 0 0 0 0 0 0
DEBUG (1): 1 4 4 4 0 6 6 0 12 6 6
DEBUG (10): 10 2 2 2 0 0 0 0 0 0 0
DEBUG (6): 6 3 3 3 0 0 0 0 0 0 0
DEBUG (2): 2 4 4 4 0 4 4 0 10 4 6
DEBUG (8): 8 3 3 3 0 0 0 0 0 0 0
DEBUG (4): 4 4 4 4 0 0 0 0 0 0 0
DEBUG (1): 1 5 5 5 0 8 8 0 17 8 9
DEBUG (10): 10 3 3 3 0 0 0 0 0 0 0
DEBUG (6): 6 4 4 4 0 0 0 0 0 0 0
DEBUG (2): 2 5 5 5 0 5 5 0 12 5 7
DEBUG (8): 8 4 4 4 0 0 0 0 0 0 0
DEBUG (4): 4 5 5 5 0 0 0 0 0 0 0
DEBUG (1): 1 6 6 6 0 10 10 0 21 10 11
DEBUG (10): 10 4 4 4 0 0 0 0 0 0 0
DEBUG (6): 6 5 5 5 0 0 0 0 0 0 0
DEBUG (2): 2 6 6 6 0 6 6 0 14 6 8
DEBUG (8): 8 5 7 5 2 0 0 0 0 0 0
DEBUG (4): 4 6 6 6 0 0 0 0 0 0 0
DEBUG (1): 1 7 7 7 0 12 12 0 26 12 14
DEBUG (10): 10 5 5 5 0 0 0 0 0 0 0
DEBUG (6): 6 6 6 6 0 0 0 0 0 0 0
DEBUG (2): 2 7 7 7 0 7 7 0 16 7 9
DEBUG (8): 8 6 8 6 2 0 0 0 0 0 0
DEBUG (4): 4 7 7 7 0 0 0 0 0 0 0
DEBUG (1): 1 8 8 8 0 14 14 0 32 14 18
DEBUG (10): 10 6 6 6 0 0 0 0 0 0 0
DEBUG (6): 6 7 7 7 0 0 0 0 0 0 0
DEBUG (2): 2 8 8 8 0 8 8 0 18 8 10
DEBUG (8): 8 7 9 7 2 0 0 0 0 0 0
DEBUG (4): 4 8 8 8 0 0 0 0 0 0 0
DEBUG (1): 1 9 9 9 0 16 16 0 36 16 20
DEBUG (10): 10 7 7 7 0 0 0 0 0 0 0
DEBUG (6): 6 8 8 8 0 0 0 0 0 0 0
DEBUG (2): 2 9 9 9 0 9 9 0 21 9 12
DEBUG (8): 8 8 10 8 2 0 0 0 0 0 0
DEBUG (4): 4 9 9 9 0 0 0 0 0 0 0
DEBUG (1): 1 10 10 10 0 18 18 0 40 18 22
DEBUG (10): 10 8 9 8 1 0 0 0 0 0 0
DEBUG (6): 6 9 9 9 0 0 0 0 0 0 0
DEBUG (2): 2 10 10 10 0 10 10 0 24 10 14
DEBUG (8): 8 9 11 9 2 0 0 0 0 0 0
DEBUG (4): 4 10 10 10 0 0 0 0 0 0 0
DEBUG (1): 1 11 11 11 0 20 20 0 47 20 27
DEBUG (10): 10 9 10 9 1 0 0 0 0 0 0
DEBUG (6): 6 10 10 10 0 0 0 0 0 0 0
DEBUG (2): 2 11 11 11 0 11 11 0 26 11 15
DEBUG (8): 8 10 12 10 2 0 0 0 0 0 0
DEBUG (4): 4 11 11 11 0 0 0 0 0 0 0
DEBUG (1): 1 12 12 12 0 22 22 0 52 22 30
DEBUG (10): 10 10 11 10 1 0 0 0 0 0 0
DEBUG (6): 6 11 11 11 0 0 0 0 0 0 0
DEBUG (2): 2 12 12 12 0 12 12 0 28 12 16
DEBUG (8): 8 11 13 11 2 0 0 0 0 0 0
DEBUG (4): 4 12 12 12 0 0 0 0 0 0 0
DEBUG (1): 1 13 13 13 0 24 24 0 56 24 32
DEBUG (10): 10 11 12 11 1 0 0 0 0 0 0
DEBUG (6): 6 12 12 12 0 0 0 0 0 0 0
DEBUG (2): 2 13 13 13 0 13 13 0 31 13 18
DEBUG (8): 8 12 14 12 2 0 0 0 0 0 0
DEBUG (4): 4 13 13 13 0 0 0 0 0 0 0
DEBUG (1): 1 14 14 14 0 26 26 0 60 26 34
DEBUG (10): 10 12 13 12 1 0 0 0 0 0 0
DEBUG (6): 6 13 13 13 0 0 0 0 0 0 0
DEBUG (2): 2 14 14 14 0 14 14 0 33 14 19
DEBUG (8): 8 13 15 13 2 0 0 0 0 0 0
DEBUG (4): 4 14 14 14 0 0 0 0 0 0 0
DEBUG (1): 1 15 15 15 0 28 28 0 65 28 37
DEBUG (10): 10 13 14 13 1 0 0 0 0 0 0
DEBUG (6): 6 14 14 14 0 0 0 0 0 0 0
DEBUG (2): 2 15 15 15 0 15 15 0 36 15 21
DEBUG (8): 8 14 16 14 2 0 0 0 0 0 0
DEBUG (4): 4 15 15 15 0 0 0 0 0 0 0
DEBUG (1): 1 16 16 16 0 30 30 0 69 30 39
DEBUG (10): 10 14 15 14 1 0 0 0 0 0 0
DEBUG (6): 6 15 15 15 0 0 0 0 0 0 0
DEBUG (2): 2 16 16 16 0 16 16 0 38 16 22
DEBUG (8): 8 15 17 15 2 0 0 0 0 0 0
DEBUG (4): 4 16 16 16 0 0 0 0 0 0 0
DEBUG (1): 1 17 17 17 0 32 32 0 73 32 41
DEBUG (10): 10 15 16 15 1 0 0 0 0 0 0
DEBUG (6): 6 16 16 16 0 0 0 0 0 0 0
DEBUG (2): 2 17 17 17 0 17 17 0 40 17 23
DEBUG (8): 8 16 18 16 2 0 0 0 0 0 0
DEBUG (4): 4 17 17 17 0 0 0 0 0 0 0
DEBUG (1): 1 18 18 18 0 34 34 0 78 34 44
DEBUG (10): 10 16 17 16 1 0 0 0 0 0 0
DEBUG (6): 6 17 17 17 0 0 0 0 0 0 0
DEBUG (2): 2 18 18 18 0 18 18 0 42 18 24
DEBUG (8): 8 17 19 17 2 0 0 0 0 0 0
DEBUG (4): 4 18 18 18 0 0 0 0 0 0 0
DEBUG (1): 1 19 19 19 0 36 36 0 82 36 46
DEBUG (10): 10 17 18 17 1 0 0 0 0 0 0
DEBUG (6): 6 18 18 18 0 0 0 0 0 0 0
DEBUG (2): 2 19 19 19 0 19 19 0 44 19 25
DEBUG (8): 8 18 20 18 2 0 0 0 0 0 0
DEBUG (4): 4 19 19 19 0 0 0 0 0 0 0
DEBUG (1): 1 20 20 20 0 38 38 0 86 38 48
DEBUG (10): 10 18 19 18 1 0 0 0 0 0 0
DEBUG (6): 6 19 19 19 0 0 0 0 0 0 0
DEBUG (2): 2 20 20 20 0 20 20 0 47 20 27
DEBUG (8): 8 19 21 19 2 0 0 0 0 0 0
DEBUG (4): 4 20 20 20 0 0 0 0 0 0 0
DEBUG (1): 1 21 21 21 0 40 40 0 90 40 50
DEBUG (10): 10 19 20 19 1 0 0 0 0 0 0
DEBUG (6): 6 20 20 20 0 0 0 0 0 0 0
DEBUG (2): 2 21 21 21 0 21 21 0 50 21 29
DEBUG (8): 8 20 22 20 2 0 0 0 0 0 0
DEBUG (4): 4 21 21 21 0 0 0 0 0 0 0
DEBUG (1): 1 22 22 22 0 42 42 0 94 42 52
DEBUG (10): 10 20 21 20 1 0 0 0 0 0 0
DEBUG (6): 6 21 21 21 0 0 0 0 0 0 0
DEBUG (2): 2 22 22 22 0 22 22 0 52 22 30
DEBUG (8): 8 21 23 21 2 0 0 0 0 0 0
DEBUG (4): 4 22 22 22 0 0 0 0 0 0 0
DEBUG (1): 1 23 23 23 0 44 44 0 98 44 54
DEBUG (10): 10 21 22 21 1 0 0 0 0 0 0
DEBUG (6): 6 22 22 22 0 0 0 0 0 0 0
DEBUG (2): 2 23 23 23 0 23 23 0 54 23 31
DEBUG (8): 8 22 24 22 2 0 0 0 0 0 0
DEBUG (4): 4 23 23 23 0 0 0 0 0 0 0
DEBUG (1): 1 24 24 24 0 46 46 0 103 46 57
DEBUG (10): 10 22 23 22 1 0 0 0 0 0 0
DEBUG (6): 6 23 23 23 0 0 0 0 0 0 0
DEBUG (2): 2 24 24 24 0 24 24 0 57 24 33
DEBUG (8): 8 23 25 23 2 0 0 0 0 0 0
DEBUG (4): 4 24 24 24 0 0 0 0 0 0 0
DEBUG (1): 1 25 25 25 0 48 48 0 108 48 60
DEBUG (10): 10 23 24 23 1 0 0 0 0 0 0
DEBUG (6): 6 24 24 24 0 0 0 0 0 0 0
DEBUG (2): 2 25 25 25 0 25 25 0 59 25 34
DEBUG (8): 8 24 26 24 2 0 0 0 0 0 0
DEBUG (4): 4 25 25 25 0 0 0 0 0 0 0
DEBUG (1): 1 26 26 26 0 50 50 0 113 50 63
DEBUG (10): 10 24 25 24 1 0 0 0 0 0 0
DEBUG (6): 6 25 25 25 0 0 0 0 0 0 0
DEBUG (2): 2 26 26 26 0 26 26 0 61 26 35
DEBUG (8): 8 25 27 25 2 0 0 0 0 0 0
DEBUG (4): 4 26 26 26 0 0 0 0 0 0 0
DEBUG (1): 1 27 27 27 0 52 52 0 119 52 67
DEBUG (10): 10 25 26 25 1 0 0 0 0 0 0
DEBUG (6): 6 26 26 26 0 0 0 0 0 0 0
DEBUG (2): 2 27 27 27 0 27 27 0 63 27 36
DEBUG (8): 8 26 28 26 2 0 0 0 0 0 0
DEBUG (4): 4 27 27 27 0 0 0 0 0 0 0
DEBUG (1): 1 28 28 28 0 54 54 0 124 54 70
DEBUG (10): 10 26 27 26 1 0 0 0 0 0 0
DEBUG (6): 6 27 27 27 0 0 0 0 0 0 0
DEBUG (2): 2 28 28 28 0 28 28 0 65 28 37
DEBUG (8): 8 27 29 27 2 0 0 0 0 0 0
DEBUG (4): 4 28 28 28 0 0 0 0 0 0 0
DEBUG (1): 1 29 29 29 0 56 56 0 128 56 72
DEBUG (10): 10 27 28 27 1 0 0 0 0 0 0
DEBUG (6): 6 28 28 28 0 0 0 0 0 0 0
DEBUG (2): 2 29 29 29 0 29 29 0 67 29 38
DEBUG (8): 8 28 30 28 2 0 0 0 0 0 0
DEBUG (4): 4 29 29 29 0 0 0 0 0 0 0
DEBUG (1): 1 30 30 30 0 58 58 0 133 58 75
DEBUG (10): 10 28 29 28 1 0 0 0 0 0 0
DEBUG (6): 6 29 29 29 0 0 0 0 0 0 0
DEBUG (2): 2 30 30 30 0 30 30 0 69 30 39
DEBUG (8): 8 29 31 29 2 0 0 0 0 0 0
DEBUG (4): 4 30 30 30 0 0 0 0 0 0 0
DEBUG (1): 1 31 31 31 0 60 60 0 137 60 77
DEBUG (10): 10 29 30 29 1 0 0 0 0 0 0
DEBUG (6): 6 30 30 30 0 0 0 0 0 0 0
DEBUG (2): 2 31 31 31 0 31 31 0 72 31 41
DEBUG (8): 8 30 32 30 2 0 0 0 0 0 0
DEBUG (4): 4 31 31 31 0 0 0 0 0 0 0
DEBUG (1): 1 32 32 32 0 62 62 0 141 62 79
DEBUG (10): 10 30 31 30 1 0 0 0 0 0 0
DEBUG (6): 6 31 31 31 0 0 0 0 0 0 0
DEBUG (2): 2 32 32 32 0 32 32 0 74 32 42
DEBUG (8): 8 31 33 31 2 0 0 0 0 0 0
DEBUG (4): 4 32 32 32 0 0 0 0 0 0 0
DEBUG (1): 1 33 33 33 0 64 64 0 145 64 81
DEBUG (10): 10 31 32 31 1 0 0 0 0 0 0
DEBUG (6): 6 32 32 32 0 0 0 0 0 0 0
DEBUG (2): 2 33 33 33 0 33 33 0 76 33 43
DEBUG (8): 8 32 34 32 2 0 0 0 0 0 0
DEBUG (4): 4 33 33 33 0 0 0 0 0 0 0
DEBUG (1): 1 34 34 34 0 66 66 0 150 66 84
DEBUG (10): 10 32 33 32 1 0 0 0 0 0 0
DEBUG (6): 6 33 33 33 0 0 0 0 0 0 0
DEBUG (2): 2 34 34 34 0 34 34 0 78 34 44
DEBUG (8): 8 33 35 33 2 0 0 0 0 0 0
DEBUG (4): 4 34 34 34 0 0 0 0 0 0 0
DEBUG (1): 1 35 35 35 0 68 68 0 155 68 87
DEBUG (10): 10 33 34 33 1 0 0 0 0 0 0
DEBUG (6): 6 34 34 34 0 0 0 0 0 0 0
DEBUG (2): 2 35 35 35 0 35 35 0 80 35 45
DEBUG (8): 8 34 36 34 2 0 0 0 0 0 0
DEBUG (4): 4 35 35 35 0 0 0 0 0 0 0
DEBUG (1): 1 36 36 36 0 70 70 0 160 70 90
DEBUG (10): 10 34 35 34 1 0 0 0 0 0 0
DEBUG (6): 6 35 35 35 0 0 0 0 0 0 0
DEBUG (2): 2 36 36 36 0 36 36 0 82 36 46
DEBUG (8): 8 35 37 35 2 0 0 0 0 0 0
DEBUG (4): 4 36 36 36 0 0 0 0 0 0 0
DEBUG (1): 1 37 37 37 0 72 72 0 164 72 92
DEBUG (10): 10 35 36 35 1 0 0 0 0 0 0
DEBUG (6): 6 36 36 36 0 0 0 0 0 0 0
DEBUG (2): 2 37 37 37 0 37 37 0 85 37 48
DEBUG (8): 8 36 38 36 2 0 0 0 0 0 0
DEBUG (4): 4 37 37 37 0 0 0 0 0 0 0
DEBUG (1): 1 38 39 38 1 74 74 0 170 74 96
DEBUG (10): 10 36 37 36 1 0 0 0 0 0 0
DEBUG (6): 6 37 37 37 0 0 0 0 0 0 0
DEBUG (2): 2 38 38 38 0 38 38 0 87 38 49
DEBUG (8): 8 37 39 37 2 0 0 0 0 0 0
DEBUG (4): 4 38 38 38 0 0 0 0 0 0 0
DEBUG (1): 1 39 40 39 1 76 76 0 175 76 99
DEBUG (10): 10 37 38 37 1 0 0 0 0 0 0
DEBUG (6): 6 38 38 38 0 0 0 0 0 0 0
DEBUG (2): 2 39 39 39 0 39 39 0 89 39 50
DEBUG (8): 8 38 40 38 2 0 0 0 0 0 0
DEBUG (4): 4 39 39 39 0 0 0 0 0 0 0
DEBUG (1): 1 40 41 40 1 78 78 0 179 78 101
DEBUG (10): 10 38 39 38 1 0 0 0 0 0 0
DEBUG (6): 6 39 39 39 0 0 0 0 0 0 0
DEBUG (2): 2 40 40 40 0 40 40 0 91 40 51
DEBUG (8): 8 39 41 39 2 0 0 0 0 0 0
DEBUG (4): 4 40 40 40 0 0 0 0 0 0 0
DEBUG (1): 1 41 42 41 1 80 80 0 183 80 103
DEBUG (10): 10 39 40 39 1 0 0 0 0 0 0
DEBUG (6): 6 40 40 40 0 0 0 0 0 0 0
DEBUG (2): 2 41 41 41 0 41 41 0 93 41 52
DEBUG (8): 8 40 42 40 2 0 0 0 0 0 0
DEBUG (4): 4 41 41 41 0 0 0 0 0 0 0
DEBUG (1): 1 42 43 42 1 82 82 0 187 82 105
DEBUG (10): 10 40 41 40 1 0 0 0 0 0 0
DEBUG (6): 6 41 41 41 0 0 0 0 0 0 0
DEBUG (2): 2 42 42 42 0 42 42 0 95 42 53
DEBUG (8): 8 41 43 41 2 0 0 0 0 0 0
DEBUG (4): 4 42 42 42 0 0 0 0 0 0 0
DEBUG (1): 1 43 44 43 1 84 84 0 193 84 109
DEBUG (10): 10 41 42 41 1 0 0 0 0 0 0
DEBUG (6): 6 42 42 42 0 0 0 0 0 0 0
DEBUG (2): 2 43 43 43 0 43 43 0 97 43 54
DEBUG (8): 8 42 44 42 2 0 0 0 0 0 0
DEBUG (4): 4 43 43 43 0 0 0 0 0 0 0
DEBUG (1): 1 44 45 44 1 86 86 0 197 86 111
DEBUG (10): 10 42 43 42 1 0 0 0 0 0 0
DEBUG (6): 6 43 43 43 0 0 0 0 0 0 0
DEBUG (2): 2 44 44 44 0 44 44 0 99 44 55
DEBUG (8): 8 43 45 43 2 0 0 0 0 0 0
DEBUG (4): 4 44 44 44 0 0 0 0 0 0 0
DEBUG (1): 1 45 46 45 1 88 88 0 201 88 113
DEBUG (10): 10 43 44 43 1 0 0 0 0 0 0
DEBUG (6): 6 44 44 44 0 0 0 0 0 0 0
DEBUG (2): 2 45 45 45 0 45 45 0 101 45 56
DEBUG (8): 8 44 46 44 2 0 0 0 0 0 0
DEBUG (4): 4 45 45 45 0 0 0 0 0 0 0
DEBUG (1): 1 46 47 46 1 90 90 0 206 90 116
DEBUG (10): 10 44 45 44 1 0 0 0 0 0 0
DEBUG (6): 6 45 45 45 0 0 0 0 0 0 0
DEBUG (2): 2 46 46 46 0 46 46 0 103 46 57
DEBUG (8): 8 45 47 45 2 0 0 0 0 0 0
DEBUG (4): 4 46 46 46 0 0 0 0 0 0 0
DEBUG (1): 1 47 49 47 2 92 92 0 210 92 118
DEBUG (10): 10 45 46 45 1 0 0 0 0 0 0
DEBUG (6): 6 46 46 46 0 0 0 0 0 0 0
DEBUG (2): 2 47 47 47 0 47 47 0 105 47 58
DEBUG (8): 8 46 48 46 2 0 0 0 0 0 0
DEBUG (4): 4 47 47 47 0 0 0 0 0 0 0
DEBUG (1): 1 48 50 48 2 94 94 0 216 94 122
DEBUG (10): 10 46 47 46 1 0 0 0 0 0 0
DEBUG (6): 6 47 47 47 0 0 0 0 0 0 0
DEBUG (2): 2 48 48 48 0 48 48 0 107 48 59
DEBUG (8): 8 47 49 47 2 0 0 0 0 0 0
DEBUG (4): 4 48 48 48 0 0 0 0 0 0 0
DEBUG (1): 1 49 51 49 2 96 96 0 221 96 125
DEBUG (10): 10 47 48 47 1 0 0 0 0 0 0
DEBUG (6): 6 48 48 48 0 0 0 0 0 0 0
DEBUG (2): 2 49 49 49 0 49 49 0 109 49 60
DEBUG (8): 8 48 50 48 2 0 0 0 0 0 0
DEBUG (4): 4 49 49 49 0 0 0 0 0 0 0
DEBUG (1): 1 50 52 50 2 98 98 0 225 98 127
DEBUG (10): 10 48 49 48 1 0 0 0 0 0 0
DEBUG (6): 6 49 49 49 0 0 0 0 0 0 0
DEBUG (2): 2 50 50 50 0 50 50 0 111 50 61
DEBUG (8): 8 49 51 49 2 0 0 0 0 0 0
DEBUG (4): 4 50 50 50 0 0 0 0 0 0 0
DEBUG (1): 1 51 53 51 2 100 100 0 229 100 129
DEBUG (10): 10 49 50 49 1 0 0 0 0 0 0
DEBUG (6): 6 50 50 50 0 0 0 0 0 0 0
DEBUG (2): 2 51 51 51 0 51 51 0 113 51 62
DEBUG (8): 8 50 52 50 2 0 0 0 0 0 0
DEBUG (4): 4 51 51 51 0 0 0 0 0 0 0
DEBUG (1): 1 52 54 52 2 102 102 0 233 102 131
DEBUG (10): 10 50 51 50 1 0 0 0 0 0 0
DEBUG (6): 6 51 51 51 0 0 0 0 0 0 0
DEBUG (2): 2 52 52 52 0 52 52 0 115 52 63
DEBUG (8): 8 51 53 51 2 0 0 0 0 0 0
DEBUG (4): 4 52 52 52 0 0 0 0 0 0 0
DEBUG (1): 1 53 55 53 2 104 104 0 238 104 134
DEBUG (10): 10 51 52 51 1 0 0 0 0 0 0
DEBUG (6): 6 52 52 52 0 0 0 0 0 0 0
DEBUG (2): 2 53 53 53 0 53 53 0 117 53 64
DEBUG (8): 8 52 54 52 2 0 0 0 0 0 0
DEBUG (4): 4 53 53 53 0 0 0 0 0 0 0
DEBUG (1): 1 54 56 54 2 106 106 0 242 106 136
DEBUG (10): 10 52 53 52 1 0 0 0 0 0 0
DEBUG (6): 6 53 53 53 0 0 0 0 0 0 0
DEBUG (2): 2 54 54 54 0 54 54 0 119 54 65
DEBUG (8): 8 53 55 53 2 0 0 0 0 0 0
DEBUG (4): 4 54 54 54 0 0 0 0 0 0 0
DEBUG (1): 1 55 57 55 2 108 108 0 246 108 138
DEBUG (10): 10 53 54 53 1 0 0 0 0 0 0
DEBUG (6): 6 54 54 54 0 0 0 0 0 0 0
DEBUG (2): 2 55 55 55 0 55 55 0 121 55 66
DEBUG (8): 8 54 56 54 2 0 0 0 0 0 0
DEBUG (4): 4 55 55 55 0 0 0 0 0 0 0
DEBUG (1): 1 56 58 56 2 110 110 0 250 110 140
DEBUG (10): 10 54 55 54 1 0 0 0 0 0 0
DEBUG (6): 6 55 55 55 0 0 0 0 0 0 0
DEBUG (2): 2 56 56 56 0 56 56 0 123 56 67
DEBUG (8): 8 55 57 55 2 0 0 0 0 0 0
DEBUG (4): 4 56 56 56 0 0 0 0 0 0 0
DEBUG (1): 1 57 59 57 2 112 112 0 254 112 142
DEBUG (10): 10 55 56 55 1 0 0 0 0 0 0
DEBUG (6): 6 56 56 56 0 0 0 0 0 0 0
DEBUG (2): 2 57 57 57 0 57 57 0 125 57 68
DEBUG (8): 8 56 58 56 2 0 0 0 0 0 0
DEBUG (4): 4 57 57 57 0 0 0 0 0 0 0
DEBUG (1): 1 58 60 58 2 114 114 0 258 114 144
DEBUG (10): 10 56 57 56 1 0 0 0 0 0 0
DEBUG (6): 6 57 57 57 0 0 0 0 0 0 0
DEBUG (2): 2 58 58 58 0 58 58 0 128 58 70
DEBUG (8): 8 57 59 57 2 0 0 0 0 0 0
DEBUG (4): 4 58 58 58 0 0 0 0 0 0 0
DEBUG (1): 1 59 61 59 2 116 116 0 262 116 146
DEBUG (10): 10 57 58 57 1 0 0 0 0 0 0
DEBUG (6): 6 58 58 58 0 0 0 0 0 0 0
DEBUG (2): 2 59 59 59 0 59 59 0 130 59 71
DEBUG (8): 8 58 60 58 2 0 0 0 0 0 0
DEBUG (4): 4 59 59 59 0 0 0 0 0 0 0
DEBUG (1): 1 60 62 60 2 118 118 0 268 118 150
DEBUG (10): 10 58 59 58 1 0 0 0 0 0 0
DEBUG (6): 6 59 59 59 0 0 0 0 0 0 0
DEBUG (2): 2 60 60 60 0 60 60 0 132 60 72
DEBUG (8): 8 59 61 59 2 0 0 0 0 0 0
DEBUG (4): 4 60 60 60 0 0 0 0 0 0 0
DEBUG (1): 1 61 63 61 2 120 120 0 272 120 152
DEBUG (10): 10 59 60 59 1 0 0 0 0 0 0
DEBUG (6): 6 60 60 60 0 0 0 0 0 0 0
DEBUG (2): 2 61 61 61 0 61 61 0 134 61 73
DEBUG (8): 8 60 62 60 2 0 0 0 0 0 0
DEBUG (4): 4 61 61 61 0 0 0 0 0 0 0
DEBUG (1): 1 62 64 62 2 122 122 0 276 122 154
DEBUG (10): 10 60 61 60 1 0 0 0 0 0 0
DEBUG (6): 6 61 61 61 0 0 0 0 0 0 0
DEBUG (2): 2 62 62 62 0 62 62 0 136 62 74
DEBUG (8): 8 61 63 61 2 0 0 0 0 0 0
DEBUG (4): 4 62 62 62 0 0 0 0 0 0 0
DEBUG (1): 1 63 65 63 2 124 124 0 280 124 156
DEBUG (10): 10 61 62 61 1 0 0 0 0 0 0
DEBUG (6): 6 62 62 62 0 0 0 0 0 0 0
DEBUG (2): 2 63 63 63 0 63 63 0 138 63 75
DEBUG (8): 8 62 64 62 2 0 0 0 0 0 0
DEBUG (4): 4 63 63 63 0 0 0 0 0 0 0
DEBUG (1): 1 64 66 64 2 126 126 0 284 126 158
DEBUG (10): 10 62 63 62 1 0 0 0 0 0 0
DEBUG (6): 6 63 63 63 0 0 0 0 0 0 0
DEBUG (2): 2 64 64 64 0 64 64 0 140 64 76
DEBUG (8): 8 63 65 63 2 0 0 0 0 0 0
DEBUG (4): 4 64 64 64 0 0 0 0 0 0 0
DEBUG (1): 1 65 67 65 2 128 128 0 289 128 161
DEBUG (10): 10 63 64 63 1 0 0 0 0 0 0
DEBUG (6): 6 64 64 64 0 0 0 0 0 0 0
DEBUG (2): 2 65 65 65 0 65 65 0 142 65 77
DEBUG (8): 8 64 66 64 2 0 0 0 0 0 0
DEBUG (4): 4 65 65 65 0 0 0 0 0 0 0
DEBUG (1): 1 66 68 66 2 130 130 0 293 130 163
DEBUG (10): 10 64 65 64 1 0 0 0 0 0 0
DEBUG (6): 6 65 65 65 0 0 0 0 0 0 0
DEBUG (2): 2 66 66 66 0 66 66 0 144 66 78
DEBUG (8): 8 65 67 65 2 0 0 0 0 0 0
DEBUG (4): 4 66 66 66 0 0 0 0 0 0 0
DEBUG (1): 1 67 69 67 2 132 132 0 297 132 165
DEBUG (10): 10 65 66 65 1 0 0 0 0 0 0
DEBUG (6): 6 66 66 66 0 0 0 0 0 0 0
DEBUG (2): 2 67 67 67 0 67 67 0 146 67 79
DEBUG (8): 8 66 68 66 2 0 0 0 0 0 0
DEBUG (4): 4 67 67 67 0 0 0 0 0 0 0
DEBUG (1): 1 68 70 68 2 134 134 0 301 134 167
DEBUG (10): 10 66 67 66 1 0 0 0 0 0 0
DEBUG (6): 6 67 67 67 0 0 0 0 0 0 0
DEBUG (2): 2 68 68 68 0 68 68 0 148 68 80
DEBUG (8): 8 67 69 67 2 0 0 0 0 0 0
DEBUG (4): 4 68 68 68 0 0 0 0 0 0 0
DEBUG (1): 1 69 71 69 2 136 136 0 305 136 169
DEBUG (10): 10 67 68 67 1 0 0 0 0 0 0
DEBUG (6): 6 68 68 68 0 0 0 0 0 0 0
DEBUG (2): 2 69 69 69 0 69 69 0 151 69 82
DEBUG (8): 8 68 70 68 2 0 0 0 0 0 0
DEBUG (4): 4 69 69 69 0 0 0 0 0 0 0
DEBUG (1): 1 70 72 70 2 138 138 0 310 138 172
DEBUG (10): 10 68 69 68 1 0 0 0 0 0 0
DEBUG (6): 6 69 69 69 0 0 0 0 0 0 0
DEBUG (2): 2 70 70 70 0 70 70 0 154 70 84
DEBUG (8): 8 69 71 69 2 0 0 0 0 0 0
DEBUG (4): 4 70 70 70 0 0 0 0 0 0 0
DEBUG (1): 1 71 73 71 2 140 140 0 314 140 174
DEBUG (10): 10 69 70 69 1 0 0 0 0 0 0
DEBUG (6): 6 70 70 70 0 0 0 0 0 0 0
DEBUG (2): 2 71 71 71 0 71 71 0 156 71 85
DEBUG (8): 8 70 72 70 2 0 0 0 0 0 0
DEBUG (4): 4 71 71 71 0 0 0 0 0 0 0
DEBUG (1): 1 72 74 72 2 142 142 0 318 142 176
DEBUG (10): 10 70 71 70 1 0 0 0 0 0 0
DEBUG (6): 6 71 71 71 0 0 0 0 0 0 0
DEBUG (2): 2 72 72 72 0 72 72 0 158 72 86
DEBUG (8): 8 71 73 71 2 0 0 0 0 0 0
DEBUG (4): 4 72 72 72 0 0 0 0 0 0 0
DEBUG (1): 1 73 75 73 2 144 144 0 323 144 179
DEBUG (10): 10 71 72 71 1 0 0 0 0 0 0
DEBUG (6): 6 72 72 72 0 0 0 0 0 0 0
DEBUG (2): 2 73 73 73 0 73 73 0 161 73 88
DEBUG (8): 8 72 74 72 2 0 0 0 0 0 0
DEBUG (4): 4 73 73 73 0 0 0 0 0 0 0
DEBUG (1): 1 74 76 74 2 147 145 1 327 146 181
DEBUG (10): 10 72 73 72 1 0 0 0 0 0 0
DEBUG (6): 6 73 73 73 0 0 0 0 0 0 0
DEBUG (2): 2 74 74 74 0 74 74 0 163 74 89
DEBUG (8): 8 73 75 73 2 0 0 0 0 0 0
DEBUG (4): 4 74 74 74 0 0 0 0 0 0 0
DEBUG (1): 1 75 77 75 2 149 148 1 333 148 185
DEBUG (10): 10 73 74 73 1 0 0 0 0 0 0
DEBUG (6): 6 74 74 74 0 0 0 0 0 0 0
DEBUG (2): 2 75 75 75 0 75 75 0 166 75 91
DEBUG (8): 8 74 76 74 2 0 0 0 0 0 0
DEBUG (4): 4 75 75 75 0 0 0 0 0 0 0
DEBUG (1): 1 76 78 76 2 151 150 1 338 150 188
DEBUG (10): 10 74 75 74 1 0 0 0 0 0 0
DEBUG (6): 6 75 75 75 0 0 0 0 0 0 0
DEBUG (2): 2 76 76 76 0 76 76 0 168 76 92
DEBUG (8): 8 75 77 75 2 0 0 0 0 0 0
DEBUG (4): 4 76 76 76 0 0 0 0 0 0 0
DEBUG (1): 1 77 79 77 2 153 152 1 343 152 191
DEBUG (10): 10 75 76 75 1 0 0 0 0 0 0
DEBUG (6): 6 76 76 76 0 0 0 0 0 0 0
DEBUG (2): 2 77 77 77 0 77 77 0 170 77 93
DEBUG (8): 8 76 78 76 2 0 0 0 0 0 0
DEBUG (4): 4 77 77 77 0 0 0 0 0 0 0
DEBUG (1): 1 78 80 78 2 155 154 1 347 154 193
DEBUG (10): 10 76 77 76 1 0 0 0 0 0 0
DEBUG (6): 6 77 77 77 0 0 0 0 0 0 0
DEBUG (2): 2 78 78 78 0 78 78 0 172 78 94
DEBUG (8): 8 77 79 77 2 0 0 0 0 0 0
DEBUG (4): 4 78 78 78 0 0 0 0 0 0 0
DEBUG (1): 1 79 81 79 2 157 156 1 351 156 195
DEBUG (10): 10 77 78 77 1 0 0 0 0 0 0
DEBUG (6): 6 78 78 78 0 0 0 0 0 0 0
DEBUG (2): 2 79 79 79 0 79 79 0 174 79 95
DEBUG (8): 8 78 80 78 2 0 0 0 0 0 0
DEBUG (4): 4 79 79 79 0 0 0 0 0 0 0
DEBUG (1): 1 80 82 80 2 159 158 1 356 158 198
DEBUG (10): 10 78 79 78 1 0 0 0 0 0 0
DEBUG (6): 6 79 79 79 0 0 0 0 0 0 0
DEBUG (2): 2 80 80 80 0 80 80 0 176 80 96
DEBUG (8): 8 79 81 79 2 0 0 0 0 0 0
DEBUG (4): 4 80 80 80 0 0 0 0 0 0 0
DEBUG (1): 1 81 83 81 2 161 160 1 360 160 200
DEBUG (10): 10 79 80 79 1 0 0 0 0 0 0
DEBUG (6): 6 80 80 80 0 0 0 0 0 0 0
DEBUG (2): 2 81 81 81 0 81 81 0 178 81 97
DEBUG (8): 8 80 82 80 2 0 0 0 0 0 0
DEBUG (4): 4 81 81 81 0 0 0 0 0 0 0
DEBUG (1): 1 82 84 82 2 163 162 1 365 162 203
DEBUG (10): 10 80 81 80 1 0 0 0 0 0 0
DEBUG (6): 6 81 81 81 0 0 0 0 0 0 0
DEBUG (2): 2 82 82 82 0 82 82 0 181 82 99
DEBUG (8): 8 81 83 81 2 0 0 0 0 0 0
DEBUG (4): 4 82 82 82 0 0 0 0 0 0 0
DEBUG (1): 1 83 85 83 2 165 164 1 369 164 205
DEBUG (10): 10 81 82 81 1 0 0 0 0 0 0
DEBUG (6): 6 82 82 82 0 0 0 0 0 0 0
DEBUG (2): 2 83 83 83 0 83 83 0 183 83 100
DEBUG (8): 8 82 84 82 2 0 0 0 0 0 0
DEBUG (4): 4 83 83 83 0 0 0 0 0 0 0
DEBUG (1): 1 84 86 84 2 167 166 1 373 166 207
DEBUG (10): 10 82 83 82 1 0 0 0 0 0 0
DEBUG (6): 6 83 83 83 0 0 0 0 0 0 0
DEBUG (2): 2 84 84 84 0 84 84 0 185 84 101
DEBUG (8): 8 83 85 83 2 0 0 0 0 0 0
DEBUG (4): 4 84 84 84 0 0 0 0 0 0 0
DEBUG (1): 1 85 87 85 2 169 168 1 377 168 209
DEBUG (10): 10 83 84 83 1 0 0 0 0 0 0
DEBUG (6): 6 84 84 84 0 0 0 0 0 0 0
DEBUG (2): 2 85 85 85 0 85 85 0 187 85 102
DEBUG (8): 8 84 86 84 2 0 0 0 0 0 0
DEBUG (4): 4 85 85 85 0 0 0 0 0 0 0
DEBUG (1): 1 86 88 86 2 171 170 1 381 170 211
DEBUG (10): 10 84 85 84 1 0 0 0 0 0 0
DEBUG (6): 6 85 85 85 0 0 0 0 0 0 0
DEBUG (2): 2 86 86 86 0 86 86 0 189 86 103
DEBUG (8): 8 85 87 85 2 0 0 0 0 0 0
DEBUG (4): 4 86 86 86 0 0 0 0 0 0 0
DEBUG (1): 1 87 89 87 2 173 172 1 386 172 214
DEBUG (10): 10 85 86 85 1 0 0 0 0 0 0
DEBUG (6): 6 86 86 86 0 0 0 0 0 0 0
DEBUG (2): 2 87 87 87 0 87 87 0 191 87 104
DEBUG (8): 8 86 88 86 2 0 0 0 0 0 0
DEBUG (4): 4 87 87 87 0 0 0 0 0 0 0
DEBUG (1): 1 88 90 88 2 175 174 1 390 174 216
DEBUG (10): 10 86 87 86 1 0 0 0 0 0 0
DEBUG (6): 6 87 87 87 0 0 0 0 0 0 0
DEBUG (2): 2 88 88 88 0 88 88 0 193 88 105
DEBUG (8): 8 87 89 87 2 0 0 0 0 0 0
DEBUG (4): 4 88 88 88 0 0 0 0 0 0 0
DEBUG (1): 1 89 91 89 2 177 176 1 394 176 218
DEBUG (10): 10 87 88 87 1 0 0 0 0 0 0
DEBUG (6): 6 88 88 88 0 0 0 0 0 0 0
DEBUG (2): 2 89 89 89 0 89 89 0 195 89 106
DEBUG (8): 8 88 90 88 2 0 0 0 0 0 0
DEBUG (4): 4 89 89 89 0 0 0 0 0 0 0
DEBUG (1): 1 90 92 90 2 179 178 1 398 178 220
DEBUG (10): 10 88 89 88 1 0 0 0 0 0 0
DEBUG (6): 6 89 89 89 0 0 0 0 0 0 0
DEBUG (2): 2 90 90 90 0 90 90 0 197 90 107
DEBUG (8): 8 89 91 89 2 0 0 0 0 0 0
DEBUG (4): 4 90 90 90 0 0 0 0 0 0 0
DEBUG (1): 1 91 93 91 2 181 180 1 402 180 222
DEBUG (10): 10 89 90 89 1 0 0 0 0 0 0
DEBUG (6): 6 90 90 90 0 0 0 0 0 0 0
DEBUG (2): 2 91 91 91 0 91 91 0 200 91 109
DEBUG (8): 8 90 92 90 2 0 0 0 0 0 0
DEBUG (4): 4 91 91 91 0 0 0 0 0 0 0
DEBUG (1): 1 92 94 92 2 183 182 1 406 182 224
DEBUG (10): 10 90 91 90 1 0 0 0 0 0 0
DEBUG (6): 6 91 91 91 0 0 0 0 0 0 0
DEBUG (2): 2 92 92 92 0 92 92 0 203 92 111
DEBUG (8): 8 91 93 91 2 0 0 0 0 0 0
DEBUG (4): 4 92 92 92 0 0 0 0 0 0 0
DEBUG (1): 1 93 95 93 2 185 184 1 410 184 226
DEBUG (10): 10 91 92 91 1 0 0 0 0 0 0
DEBUG (6): 6 92 92 92 0 0 0 0 0 0 0
DEBUG (2): 2 93 93 93 0 93 93 0 205 93 112
DEBUG (8): 8 92 94 92 2 0 0 0 0 0 0
DEBUG (4): 4 93 93 93 0 0 0 0 0 0 0
DEBUG (1): 1 94 96 94 2 187 186 1 415 186 229
DEBUG (10): 10 92 93 92 1 0 0 0 0 0 0
DEBUG (6): 6 93 93 93 0 0 0 0 0 0 0
DEBUG (2): 2 94 94 94 0 94 94 0 207 94 113
DEBUG (8): 8 93 95 93 2 0 0 0 0 0 0
DEBUG (4): 4 94 94 94 0 0 0 0 0 0 0
DEBUG (1): 1 95 97 95 2 189 188 1 419 188 231
DEBUG (10): 10 93 94 93 1 0 0 0 0 0 0
DEBUG (6): 6 94 94 94 0 0 0 0 0 0 0
DEBUG (2): 2 95 95 95 0 95 95 0 209 95 114
DEBUG (8): 8 94 96 94 2 0 0 0 0 0 0
DEBUG (4): 4 95 95 95 0 0 0 0 0 0 0
DEBUG (1): 1 96 98 96 2 191 190 1 423 190 233
DEBUG (10): 10 94 95 94 1 0 0 0 0 0 0
DEBUG (6): 6 95 95 95 0 0 0 0 0 0 0
DEBUG (2): 2 96 96 96 0 96 96 0 213 96 117
DEBUG (8): 8 95 97 95 2 0 0 0 0 0 0
DEBUG (4): 4 96 96 96 0 0 0 0 0 0 0
DEBUG (1): 1 97 99 97 2 193 192 1 427 192 235
DEBUG (10): 10 95 96 95 1 0 0 0 0 0 0
DEBUG (6): 6 96 96 96 0 0 0 0 0 0 0
DEBUG (2): 2 97 97 97 0 97 97 0 215 97 118
DEBUG (8): 8 96 98 96 2 0 0 0 0 0 0
DEBUG (4): 4 97 97 97 0 0 0 0 0 0 0
DEBUG (1): 1 98 100 98 2 195 194 1 431 194 237
DEBUG (10): 10 96 97 96 1 0 0 0 0 0 0
DEBUG (6): 6 97 97 97 0 0 0 0 0 0 0
DEBUG (2): 2 98 98 98 0 98 98 0 217 98 119
DEBUG (8): 8 97 99 97 2 0 0 0 0 0 0
DEBUG (4): 4 98 98 98 0 0 0 0 0 0 0
DEBUG (1): 1 99 101 99 2 197 196 1 435 196 239
DEBUG (10): 10 97 98 97 1 0 0 0 0 0 0
DEBUG (6): 6 98 98 98 0 0 0 0 0 0 0
DEBUG (2): 2 99 99 99 0 99 99 0 220 99 121
DEBUG (8): 8 98 100 98 2 0 0 0 0 0 0
DEBUG (4): 4 99 99 99 0 0 0 0 0 0 0
DEBUG (1): 1 100 102 100 2 199 198 1 439 198 241
DEBUG (10): 10 98 99 98 1 0 0 0 0 0 0
DEBUG (6): 6 99 99 99 0 0 0 0 0 0 0
DEBUG (2): 2 100 100 100 0 100 100 0 222 100 122
DEBUG (8): 8 99 101 99 2 0 0 0 0 0 0
DEBUG (4): 4 100 100 100 0 0 0 0 0 0 0
DEBUG (1): 1 101 103 101 2 201 200 1 443 200 243
DEBUG (10): 10 99 100 99 1 0 0 0 0 0 0
DEBUG (6): 6 100 100 100 0 0 0 0 0 0 0
DEBUG (2): 2 101 101 101 0 101 101 0 224 101 123
DEBUG (8): 8 100 102 100 2 0 0 0 0 0 0
DEBUG (4): 4 101 101 101 0 0 0 0 0 0 0
DEBUG (1): 1 102 104 102 2 203 202 1 447 202 245
DEBUG (10): 10 100 101 100 1 0 0 0 0 0 0
DEBUG (6): 6 101 101 101 0 0 0 0 0 0 0
DEBUG (2): 2 102 102 102 0 102 102 0 227 102 125
DEBUG (8): 8 101 103 101 2 0 0 0 0 0 0
DEBUG (4): 4 102 102 102 0 0 0 0 0 0 0
DEBUG (1): 1 103 105 103 2 205 204 1 451 204 247
DEBUG (10): 10 101 102 101 1 0 0 0 0 0 0
DEBUG (6): 6 102 102 102 0 0 0 0 0 0 0
DEBUG (2): 2 103 103 103 0 103 103 0 229 103 126
DEBUG (8): 8 102 104 102 2 0 0 0 0 0 0
DEBUG (4): 4 103 103 103 0 0 0 0 0 0 0
DEBUG (1): 1 104 106 104 2 207 206 1 455 206 249
DEBUG (10): 10 102 103 102 1 0 0 0 0 0 0
DEBUG (6): 6 103 103 103 0 0 0 0 0 0 0
DEBUG (2): 2 104 104 104 0 104 104 0 231 104 127
DEBUG (8): 8 103 105 103 2 0 0 0 0 0 0
DEBUG (4): 4 104 104 104 0 0 0 0 0 0 0
DEBUG (1): 1 105 107 105 2 209 208 1 460 208 252
DEBUG (10): 10 103 104 103 1 0 0 0 0 0 0
DEBUG (6): 6 104 104 104 0 0 0 0 0 0 0
DEBUG (2): 2 105 105 105 0 105 105 0 233 105 128
DEBUG (8): 8 104 106 104 2 0 0 0 0 0 0
DEBUG (4): 4 105 105 105 0 0 0 0 0 0 0
DEBUG (1): 1 106 108 106 2 211 210 1 464 210 254
DEBUG (10): 10 104 105 104 1 0 0 0 0 0 0
DEBUG (6): 6 105 105 105 0 0 0 0 0 0 0
DEBUG (2): 2 106 106 106 0 106 106 0 235 106 129
DEBUG (8): 8 105 107 105 2 0 0 0 0 0 0
DEBUG (4): 4 106 106 106 0 0 0 0 0 0 0
DEBUG (1): 1 107 109 107 2 213 212 1 468 212 256
DEBUG (10): 10 105 106 105 1 0 0 0 0 0 0
DEBUG (6): 6 106 106 106 0 0 0 0 0 0 0
DEBUG (2): 2 107 107 107 0 107 107 0 237 107 130
DEBUG (8): 8 106 108 106 2 0 0 0 0 0 0
DEBUG (4): 4 107 107 107 0 0 0 0 0 0 0
DEBUG (1): 1 108 110 108 2 215 214 1 473 214 259
DEBUG (10): 10 106 107 106 1 0 0 0 0 0 0
DEBUG (6): 6 107 107 107 0 0 0 0 0 0 0
DEBUG (2): 2 108 108 108 0 108 108 0 239 108 131
DEBUG (8): 8 107 109 107 2 0 0 0 0 0 0
DEBUG (4): 4 108 108 108 0 0 0 0 0 0 0
DEBUG (1): 1 109 111 109 2 217 216 1 477 216 261
DEBUG (10): 10 107 108 107 1 0 0 0 0 0 0
DEBUG (6): 6 108 108 108 0 0 0 0 0 0 0
DEBUG (2): 2 109 109 109 0 109 109 0 241 109 132
DEBUG (8): 8 108 110 108 2 0 0 0 0 0 0
DEBUG (4): 4 109 109 109 0 0 0 0 0 0 0
DEBUG (1): 1 110 112 110 2 219 218 1 481 218 263
DEBUG (10): 10 108 109 108 1 0 0 0 0 0 0
DEBUG (6): 6 109 109 109 0 0 0 0 0 0 0
DEBUG (2): 2 110 110 110 0 110 110 0 243 110 133
DEBUG (8): 8 109 111 109 2 0 0 0 0 0 0
DEBUG (4): 4 110 110 110 0 0 0 0 0 0 0
DEBUG (1): 1 111 113 111 2 221 220 1 485 220 265
DEBUG (10): 10 109 110 109 1 0 0 0 0 0 0
DEBUG (6): 6 110 110 110 0 0 0 0 0 0 0
DEBUG (2): 2 111 111 111 0 111 111 0 245 111 134
DEBUG (8): 8 110 112 110 2 0 0 0 0 0 0
DEBUG (4): 4 111 111 111 0 0 0 0 0 0 0
DEBUG (1): 1 112 114 112 2 223 222 1 489 222 267
DEBUG (10): 10 110 111 110 1 0 0 0 0 0 0
DEBUG (6): 6 111 111 111 0 0 0 0 0 0 0
DEBUG (2): 2 112 112 112 0 112 112 0 247 112 135
DEBUG (8): 8 111 113 111 2 0 0 0 0 0 0
DEBUG (4): 4 112 112 112 0 0 0 0 0 0 0
DEBUG (1): 1 113 115 113 2 225 224 1 493 224 269
DEBUG (10): 10 111 112 111 1 0 0 0 0 0 0
DEBUG (6): 6 112 112 112 0 0 0 0 0 0 0
