0  0 25 3
0  1 32 3
0  2 31 3
0  3 30 3
0  4 23 3
0  5 16 3
0  6 17 3
0  7 18 3
1  0 2 0
1  1 9 0
1  2 8 0
1  3 7 0
1  4 24 0
2  0 3 0
2  1 10 0
2  2 9 0
2  3 8 0
2  4 1 0
3  0 4 0
3  1 11 0
3  2 10 0
3  3 9 0
3  4 2 0
4  0 5 0
4  1 12 0
4  2 11 0
4  3 10 0
4  4 3 0
5  0 6 0
5  1 13 0
5  2 12 0
5  3 11 0
5  4 4 0
6  0 13 0
6  1 12 0
6  2 5 0
7  0 8 0
7  1 15 0
7  2 14 0
7  3 24 0
7  4 1 0
8  0 9 0
8  1 16 0
8  2 15 0
8  3 14 0
8  4 7 0
8  5 24 1
8  6 1 1
8  7 2 0
9  0 10 0
9  1 17 0
9  2 16 0
9  3 15 0
9  4 8 0
9  5 1 0
9  6 2 0
9  7 3 0
10  0 11 0
10  1 18 0
10  2 17 0
10  3 16 0
10  4 9 0
10  5 2 1
10  6 3 1
10  7 4 1
11  0 12 0
11  1 19 0
11  2 18 0
11  3 17 0
11  4 10 0
11  5 3 0
11  6 4 0
11  7 5 1
12  0 13 0
12  1 20 0
12  2 19 0
12  3 18 0
12  4 11 0
12  5 4 0
12  6 5 0
12  7 6 1
13  0 20 0
13  1 19 0
13  2 12 0
13  3 5 0
13  4 6 0
14  0 15 0
14  1 22 0
14  2 21 0
14  3 7 0
14  4 8 0
15  0 16 0
15  1 23 0
15  2 22 0
15  3 21 0
15  4 14 1
15  5 7 1
15  6 8 0
15  7 9 0
16  0 17 0
16  1 0 0
16  2 23 0
16  3 22 0
16  4 15 1
16  5 8 1
16  6 9 1
16  7 10 0
17  0 18 0
17  1 25 0
17  2 0 0
17  3 23 0
17  4 16 0
17  5 9 0
17  6 10 0
17  7 11 0
18  0 19 0
18  1 26 0
18  2 25 0
18  3 0 0
18  4 17 0
18  5 10 1
18  6 11 1
18  7 12 1
19  0 20 0
19  1 27 1
19  2 26 0
19  3 25 0
19  4 18 0
19  5 11 0
19  6 12 0
19  7 13 1
20  0 27 0
20  1 26 0
20  2 19 0
20  3 12 0
20  4 13 0
21  0 22 0
21  1 29 0
21  2 28 0
21  3 14 0
21  4 15 0
22  0 23 0
22  1 30 0
22  2 29 0
22  3 28 1
22  4 21 1
22  5 14 0
22  6 15 0
22  7 16 0
23  0 0 0
23  1 31 0
23  2 30 0
23  3 29 0
23  4 22 1
23  5 15 0
23  6 16 0
23  7 17 0
24  0 1 0
24  1 8 0
24  2 7 0
25  0 26 0
25  1 33 1
25  2 32 0
25  3 31 0
25  4 0 0
25  5 17 0
25  6 18 0
25  7 19 1
26  0 27 0
26  1 34 0
26  2 33 0
26  3 32 0
26  4 25 0
26  5 18 0
26  6 19 0
26  7 20 1
27  0 34 0
27  1 33 0
27  2 26 0
27  3 19 0
27  4 20 0
28  0 29 0
28  1 36 0
28  2 35 0
28  3 21 0
28  4 22 0
29  0 30 0
29  1 37 0
29  2 36 0
29  3 35 0
29  4 28 0
29  5 21 0
29  6 22 0
29  7 23 0
30  0 31 0
30  1 38 1
30  2 37 0
30  3 36 1
30  4 29 1
30  5 22 0
30  6 23 0
30  7 0 0
31  0 32 0
31  1 39 0
31  2 38 0
31  3 37 1
31  4 30 0
31  5 23 0
31  6 0 0
31  7 25 0
32  0 33 0
32  1 40 1
32  2 39 1
32  3 38 0
32  4 31 0
32  5 0 0
32  6 25 0
32  7 26 0
33  0 34 1
33  1 41 1
33  2 40 0
33  3 39 0
33  4 32 0
33  5 25 0
33  6 26 0
33  7 27 0
34  0 41 0
34  1 40 0
34  2 33 0
34  3 26 0
34  4 27 0
35  0 36 0
35  1 43 0
35  2 42 0
35  3 28 0
35  4 29 0
36  0 37 0
36  1 44 0
36  2 43 1
36  3 42 1
36  4 35 1
36  5 28 0
36  6 29 0
36  7 30 0
37  0 38 0
37  1 45 0
37  2 44 1
37  3 43 0
37  4 36 0
37  5 29 0
37  6 30 0
37  7 31 0
38  0 39 0
38  1 46 1
38  2 45 1
38  3 44 0
38  4 37 0
38  5 30 0
38  6 31 0
38  7 32 0
39  0 40 0
39  1 47 0
39  2 46 0
39  3 45 0
39  4 38 0
39  5 31 0
39  6 32 0
39  7 33 0
40  0 41 0
40  1 48 1
40  2 47 1
40  3 46 0
40  4 39 0
40  5 32 0
40  6 33 0
40  7 34 0
41  0 48 0
41  1 47 0
41  2 40 0
41  3 33 0
41  4 34 0
42  0 43 0
42  1 35 0
42  2 36 0
43  0 44 0
43  1 35 0
43  2 36 0
43  3 37 0
44  0 45 0
44  1 43 0
44  2 36 0
44  3 37 0
44  4 38 0
45  0 46 0
45  1 44 0
45  2 37 0
45  3 38 0
45  4 39 0
46  0 47 0
46  1 45 0
46  2 38 0
46  3 39 0
46  4 40 0
47  0 48 0
47  1 46 0
47  2 39 0
47  3 40 0
47  4 41 0
48  0 47 0
48  1 40 0
48  2 41 0
