0  25 +3.0
0  32 +3.0
0  31 +3.0
0  30 +3.0
0  23 +3.0
0  16 +3.0
0  17 +3.0
0  18 +3.0
1  2 +3.0
1  9 +3.0
1  8 +3.0
1  7 +3.0
1  24 +3.0
2  3 +3.0
2  10 +3.0
2  9 +3.0
2  8 +3.0
2  1 +3.0
3  4 +3.0
3  11 +3.0
3  10 +3.0
3  9 +3.0
3  2 +3.0
4  5 +3.0
4  12 +3.0
4  11 +3.0
4  10 +3.0
4  3 +3.0
5  6 +3.0
5  13 +3.0
5  12 +3.0
5  11 +3.0
5  4 +3.0
6  13 +3.0
6  12 +3.0
6  5 +3.0
7  8 +3.0
7  15 +3.0
7  14 +3.0
7  24 +3.0
7  1 +3.0
8  9 +3.0
8  16 +3.0
8  15 +3.0
8  14 +3.0
8  7 +3.0
8  24 +3.0
8  1 +3.0
8  2 +3.0
9  10 +3.0
9  17 +3.0
9  16 +3.0
9  15 +3.0
9  8 +3.0
9  1 +3.0
9  2 +3.0
9  3 +3.0
10  11 +3.0
10  18 +3.0
10  17 +3.0
10  16 +3.0
10  9 +3.0
10  2 +3.0
10  3 +3.0
10  4 +3.0
11  12 +3.0
11  19 +3.0
11  18 +3.0
11  17 +3.0
11  10 +3.0
11  3 +3.0
11  4 +3.0
11  5 +3.0
12  13 +3.0
12  20 +3.0
12  19 +3.0
12  18 +3.0
12  11 +3.0
12  4 +3.0
12  5 +3.0
12  6 +3.0
13  20 +3.0
13  19 +3.0
13  12 +3.0
13  5 +3.0
13  6 +3.0
14  15 +3.0
14  22 +3.0
14  21 +3.0
14  7 +3.0
14  8 +3.0
15  16 +3.0
15  23 +3.0
15  22 +3.0
15  21 +3.0
15  14 +3.0
15  7 +3.0
15  8 +3.0
15  9 +3.0
16  17 +3.0
16  0 +3.0
16  23 +3.0
16  22 +3.0
16  15 +3.0
16  8 +3.0
16  9 +3.0
16  10 +3.0
17  18 +3.0
17  25 +3.0
17  24 +3.0
17  23 +3.0
17  16 +3.0
17  9 +3.0
17  10 +3.0
17  11 +3.0
18  19 +3.0
18  26 +3.0
18  25 +3.0
18  0 +3.0
18  17 +3.0
18  10 +3.0
18  11 +3.0
18  12 +3.0
19  20 +3.0
19  27 +3.0
19  26 +3.0
19  25 +3.0
19  18 +3.0
19  11 +3.0
19  12 +3.0
19  13 +3.0
20  27 +3.0
20  26 +3.0
20  19 +3.0
20  12 +3.0
20  13 +3.0
21  22 +3.0
21  29 +3.0
21  28 +3.0
21  14 +3.0
21  15 +3.0
22  23 +3.0
22  30 +3.0
22  29 +3.0
22  28 +3.0
22  21 +3.0
22  14 +3.0
22  15 +3.0
22  16 +3.0
23  0 +3.0
23  31 +3.0
23  30 +3.0
23  29 +3.0
23  22 +3.0
23  15 +3.0
23  16 +3.0
23  17 +3.0
24  1 +3.0
24  8 +3.0
24  7 +3.0
25  26 +3.0
25  33 +3.0
25  32 +3.0
25  31 +3.0
25  0 +3.0
25  17 +3.0
25  18 +3.0
25  19 +3.0
26  27 +3.0
26  34 +3.0
26  33 +3.0
26  32 +3.0
26  25 +3.0
26  18 +3.0
26  19 +3.0
26  20 +3.0
27  34 +3.0
27  33 +3.0
27  26 +3.0
27  19 +3.0
27  20 +3.0
28  29 +3.0
28  36 +3.0
28  35 +3.0
28  21 +3.0
28  22 +3.0
29  30 +3.0
29  37 +3.0
29  36 +3.0
29  35 +3.0
29  28 +3.0
29  21 +3.0
29  22 +3.0
29  23 +3.0
30  31 +3.0
30  38 +3.0
30  37 +3.0
30  36 +3.0
30  29 +3.0
30  22 +3.0
30  23 +3.0
30  0 +3.0
31  32 +3.0
31  39 +3.0
31  38 +3.0
31  37 +3.0
31  30 +3.0
31  23 +3.0
31  0 +3.0
31  25 +3.0
32  33 +3.0
32  0 +3.0
32  39 +3.0
32  38 +3.0
32  31 +3.0
32  24 +3.0
32  25 +3.0
32  26 +3.0
33  34 +3.0
33  41 +3.0
33  40 +3.0
33  39 +3.0
33  32 +3.0
33  25 +3.0
33  26 +3.0
33  27 +3.0
34  41 +3.0
34  40 +3.0
34  33 +3.0
34  26 +3.0
34  27 +3.0
35  36 +3.0
35  43 +3.0
35  42 +3.0
35  28 +3.0
35  29 +3.0
36  37 +3.0
36  44 +3.0
36  43 +3.0
36  42 +3.0
36  35 +3.0
36  28 +3.0
36  29 +3.0
36  30 +3.0
37  38 +3.0
37  45 +3.0
37  44 +3.0
37  43 +3.0
37  36 +3.0
37  29 +3.0
37  30 +3.0
37  31 +3.0
38  39 +3.0
38  46 +3.0
38  45 +3.0
38  44 +3.0
38  37 +3.0
38  30 +3.0
38  31 +3.0
38  32 +3.0
39  40 +3.0
39  47 +3.0
39  46 +3.0
39  45 +3.0
39  38 +3.0
39  31 +3.0
39  32 +3.0
39  33 +3.0
40  41 +3.0
40  48 +3.0
40  47 +3.0
40  46 +3.0
40  39 +3.0
40  32 +3.0
40  33 +3.0
40  34 +3.0
41  48 +3.0
41  47 +3.0
41  40 +3.0
41  33 +3.0
41  34 +3.0
42  43 +3.0
42  35 +3.0
42  36 +3.0
43  44 +3.0
43  35 +3.0
43  36 +3.0
43  37 +3.0
44  45 +3.0
44  43 +3.0
44  36 +3.0
44  37 +3.0
44  38 +3.0
45  46 +3.0
45  44 +3.0
45  37 +3.0
45  38 +3.0
45  39 +3.0
46  47 +3.0
46  45 +3.0
46  38 +3.0
46  39 +3.0
46  40 +3.0
47  48 +3.0
47  46 +3.0
47  39 +3.0
47  40 +3.0
47  41 +3.0
48  47 +3.0
48  40 +3.0
48  41 +3.0
